lp_w,Pf_Pe,alpha,back_frac,mean_vx
0.25,0.125,1.1410498515599032,0.49833629999999995,0.16394959643141646
0.25,0.25,1.3596435399747113,0.4963592,0.4035370085093714
0.25,0.375,1.4909267095624914,0.4946457,0.6101801671660906
0.25,0.5,1.6928717263017852,0.492945,0.8100525535359484
0.25,0.625,1.7627169916624565,0.49097779999999996,1.0031415528524519
0.25,0.75,1.8548904451540291,0.4888714,1.2509817470598352
0.25,0.875,1.896564798758604,0.4872068,1.418762725776793
0.25,1.0,1.92533358104318,0.4849621,1.6633763536754929
0.25,1.125,1.9207886939572247,0.4830508,1.9116991254937008
0.25,1.25,1.9451687681895045,0.4812964,2.095979011116261
0.25,1.375,1.9310243886449503,0.47983839999999994,2.258382609252113
0.25,1.5,1.9522892609185167,0.4776313,2.527710836077891
0.25,1.625,1.9343870506236833,0.47582040000000003,2.699082795639745
0.25,1.75,1.9967016688640078,0.4736404,2.9473664479873003
0.25,1.875,1.9234000654424173,0.4717389,3.155707789434536
0.25,2.0,1.9699815236268188,0.4702497,3.3398698158006423
0.5,0.125,0.9455422055799795,0.4975547,0.2728403829261358
0.5,0.25,1.2459438324866128,0.4952454,0.5261625957662508
0.5,0.375,1.525725917702798,0.4932053,0.7623035196167673
0.5,0.5,1.5465017570401776,0.4902411,1.0911563160959084
0.5,0.625,1.656245246002278,0.48723239999999995,1.4158044107720256
0.5,0.75,1.9044345123375983,0.484698,1.7127825336290095
0.5,0.875,1.813464161956619,0.482114,2.0232585124481166
0.5,1.0,1.8731713364680929,0.47893610000000003,2.379681756439802
0.5,1.125,1.8814996071360697,0.4750482,2.7935553457977855
0.5,1.25,1.9092117935174826,0.47178269999999994,3.182836175179068
0.5,1.375,1.9436025398003798,0.46935540000000003,3.459568971219383
0.5,1.5,1.9312384009051666,0.4644906,3.9977286611884675
0.5,1.625,1.9783990395335838,0.4605673,4.442634847120929
0.5,1.75,1.966745524809814,0.4566876,4.906449993863792
0.5,1.875,1.9777628669072507,0.4530312,5.318557030222352
0.5,2.0,1.9506482591107983,0.44865309999999997,5.814722313416808
0.75,0.125,0.9585974780701717,0.49919800000000003,0.08483564701021022
0.75,0.25,1.0582680571327916,0.4974646,0.27555803741570356
0.75,0.375,1.3388868077752978,0.49554309999999996,0.5080439009971435
0.75,0.5,1.493292072896055,0.4921429,0.8901530743030781
0.75,0.625,1.491176172458165,0.4894043,1.201274231449683
0.75,0.75,1.6265298984958396,0.4856862,1.6153142982693913
0.75,0.875,1.75540544467142,0.4820756,2.0130634746089875
0.75,1.0,1.8048374315953069,0.4785068,2.4326453642682604
0.75,1.125,1.89798381593587,0.4721221,3.141387609247566
0.75,1.25,1.899392756691868,0.4672497,3.6987875554101968
0.75,1.375,1.9145899534045525,0.4613693,4.379865758167406
0.75,1.5,1.9335965630278005,0.4567644,4.901610703187039
0.75,1.625,1.947061054590038,0.44937629999999995,5.74812666219568
0.75,1.75,1.9875106098712982,0.44373690000000005,6.403606819897583
0.75,1.875,1.9494297773448122,0.4362882,7.252231932247923
0.75,2.0,1.9830778454358757,0.4299628,7.96973299271996
1.0,0.125,0.9873842904986332,0.5007389,-0.07021210013047467
1.0,0.25,1.0200282400750786,0.4998182,0.01643610956462878
1.0,0.375,0.9908896474508835,0.4991029,0.12267927105800361
1.0,0.5,0.9499287369860994,0.498008,0.21949649672755897
1.0,0.625,1.1433303966952553,0.49453400000000003,0.652939744959137
1.0,0.75,1.4049367774600787,0.49194489999999996,0.9338141167282044
1.0,0.875,1.6100141677793398,0.4858311,1.6210238688620564
1.0,1.0,1.8017215647816176,0.4791494,2.3683814639971876
1.0,1.125,1.8746133337238802,0.4722511,3.1640678641536577
1.0,1.25,1.8982056236821632,0.4642649,4.065955419363148
1.0,1.375,1.9140364031782742,0.4573293,4.881787944436523
1.0,1.5,1.985864596019338,0.4486144,5.849029293581623
1.0,1.625,1.9349314135006992,0.441055,6.739083335763274
1.0,1.75,1.9352713989297867,0.431536,7.833976828124854
1.0,1.875,1.975839056729827,0.4224806,8.899405250355438
1.0,2.0,1.993912404870873,0.4134539,9.951127490399324
1.25,0.125,1.0749150312183349,0.5025093,-0.2564871153385609
1.25,0.25,1.2396739033338964,0.5068359,-0.7806956125043476
1.25,0.375,1.2615094500661097,0.5072672,-0.7941099975820625
1.25,0.5,1.1950932408269872,0.5064061,-0.694504081337131
1.25,0.625,1.0182232377435658,0.5031042,-0.3100126443357503
1.25,0.75,0.8902833710749566,0.4982486,0.22474034421125014
1.25,0.875,1.4159425974115707,0.49197040000000003,0.9399161865593572
1.25,1.0,1.779945421499067,0.4831425,1.9545595909635178
1.25,1.125,1.888510033541445,0.4735011,3.0245837355531493
1.25,1.25,1.9613974443446303,0.4628634,4.2603415622059
1.25,1.375,1.9190030283383401,0.45345019999999997,5.340771879316547
1.25,1.5,1.9678621397775953,0.4438766,6.4360237829217075
1.25,1.625,1.9546033946486294,0.4319806,7.836590871618819
1.25,1.75,1.9763951370884631,0.4209149,9.121044226115337
1.25,1.875,1.9949010969838297,0.4092924,10.488887738049288
1.25,2.0,1.9955909493639457,0.3970826,11.95323395636217
1.5,0.125,1.2231237586391843,0.5081273000000001,-0.9015479542031415
1.5,0.25,1.3447334252036105,0.5141775,-1.5560203314606678
1.5,0.375,1.6153338040857437,0.5181374,-2.0266091820969763
1.5,0.5,1.6210802212471116,0.5171485,-1.9097548053805158
1.5,0.625,1.499471269767128,0.5128089,-1.4169247662788165
1.5,0.75,1.2403591286038949,0.5060216000000001,-0.6225263006960784
1.5,0.875,1.153465446570655,0.4979785,0.27307354748711626
1.5,1.0,1.6243266067288176,0.48608160000000006,1.6325065115568849
1.5,1.125,1.8457214697196767,0.47537650000000004,2.8554357943908775
1.5,1.25,1.87323902327886,0.4629779,4.291664329943361
1.5,1.375,1.9699130338409312,0.450021,5.762502899397349
1.5,1.5,1.9156349396133971,0.4362533,7.384898481469527
1.5,1.625,1.9792036853193724,0.4233056,8.899026489921283
1.5,1.75,1.9846578473170666,0.4101507,10.469023353981477
1.5,1.875,1.9654193379055795,0.39553889999999997,12.184877306738258
1.5,2.0,2.0013208342122875,0.3824694,13.801243729924211
1.75,0.125,1.1741510609123536,0.512347,-1.3751067087259845
1.75,0.25,1.596780149949496,0.5241111,-2.7090301667784824
1.75,0.375,1.7838692815955506,0.5297067,-3.327506758032712
1.75,0.5,1.8197530678207123,0.5285196,-3.1739418952855303
1.75,0.625,1.8924151110195215,0.5233743,-2.5953129721680472
1.75,0.75,1.700476441340947,0.5155815,-1.7265364879175849
1.75,0.875,1.0506107329960062,0.503612,-0.34937626300125024
1.75,1.0,1.3393686876299844,0.4914886,1.0335728665223844
1.75,1.125,1.7598767760798926,0.4773224,2.640994857841843
1.75,1.25,1.8883813487478072,0.4621092,4.433153012090692
1.75,1.375,1.9741430146093142,0.4469375,6.156218811171866
1.75,1.5,1.9618761459570286,0.431426,7.9981671580869165
1.75,1.625,1.9927027491680913,0.4148005,9.964775067501204
1.75,1.75,1.9642862177544285,0.3992524,11.830677269830218
1.75,1.875,1.9639563894749354,0.3828006,13.864658077412772
1.75,2.0,1.996161519920537,0.3672687,15.783855230214172
2.0,0.125,1.4809404024704007,0.5214744,-2.453525624946049
2.0,0.25,1.726907245366507,0.5351861,-3.9909841670892767
2.0,0.375,1.8564337819714558,0.5410834,-4.626274909355136
2.0,0.5,1.9804124701613164,0.5420072,-4.7399496552651685
2.0,0.625,1.9135090645802886,0.5337573999999999,-3.788623045872973
2.0,0.75,1.9568153231910375,0.5241165,-2.686491070847599
2.0,0.875,1.4664900600860153,0.5103348,-1.1152035605572204
2.0,1.0,1.3240951606080384,0.4953449,0.6101600507370422
2.0,1.125,1.8079753215993937,0.47956,2.4419299755699924
2.0,1.25,1.9642393926112363,0.461569,4.50844985178207
2.0,1.375,1.9450728648435909,0.44414660000000006,6.5245009819373205
2.0,1.5,1.9607609197694735,0.4252426,8.753454922002327
2.0,1.625,1.9841860234967914,0.407126,10.961615461496171
2.0,1.75,1.9886709622198582,0.3888625,13.183754713128717
2.0,1.875,1.9857947011816823,0.3706258,15.450043449112778
2.0,2.0,1.9840801239965,0.35295449999999995,17.681700730289034
2.25,0.125,1.6895453410833534,0.5288630000000001,-3.3024318002168016
2.25,0.25,1.8329421286271337,0.5489787,-5.547723851826267
2.25,0.375,1.9373017924854163,0.5574207,-6.514429762479243
2.25,0.5,2.0381791320168605,0.5552739,-6.2488253048276725
2.25,0.625,2.048313354547189,0.5459316000000001,-5.1589720364641485
2.25,0.75,1.9851728397709727,0.5327715000000001,-3.6710239209268636
2.25,0.875,1.843927737639021,0.5182209999999999,-1.9897653936506516
2.25,1.0,1.0119467487069596,0.49976449999999994,0.11806697829207775
2.25,1.125,1.7730856381073268,0.48009480000000004,2.394399110304448
2.25,1.25,1.9163441559909011,0.46001739999999997,4.723275168741354
2.25,1.375,1.9534451456556607,0.44005150000000004,7.065207008336577
2.25,1.5,1.964366648407175,0.4194709,9.522421392538739
2.25,1.625,1.980566933154251,0.3994379,11.972106205328808
2.25,1.75,1.9807429495467506,0.37889449999999997,14.503491125667935
2.25,1.875,1.9805332125915147,0.3585586,17.083561791708494
2.25,2.0,2.001759247627204,0.33887269999999997,19.660908799528546
2.5,0.125,1.5721955161418069,0.5362003,-4.129633038478158
2.5,0.25,1.8963710732197494,0.5602583999999999,-6.9069238429653765
2.5,0.375,1.9846561055950014,0.5693415000000001,-7.919037527329561
2.5,0.5,2.0164325145492596,0.5660164,-7.514516141407007
2.5,0.625,2.067089438133643,0.5566618,-6.419293907592019
2.5,0.75,1.9865658817553142,0.5415269,-4.686266196232052
2.5,0.875,1.9718066022344003,0.5231955,-2.553287289920155
2.5,1.0,1.0892921289261892,0.5031647,-0.2631668425498184
2.5,1.125,1.6989222894160838,0.4819718,2.2105666971391327
2.5,1.25,1.905322238128309,0.4587705,4.894130880777307
2.5,1.375,1.981426868823123,0.43680199999999997,7.503181888005764
2.5,1.5,1.9588925619343134,0.41374449999999996,10.271973481497016
2.5,1.625,1.9801770371435272,0.3912382,13.033246139951663
2.5,1.75,1.9823017412181418,0.3685099,15.918624863637561
2.5,1.875,1.9845565863339099,0.34646190000000004,18.774236696417656
2.5,2.0,1.9971686895859464,0.3252354,21.602290788555862
2.75,0.125,1.5488955807428282,0.5467872,-5.391433136160641
2.75,0.25,1.9330650795239745,0.5767721,-8.841804475634323
2.75,0.375,2.0090466367008273,0.5854851,-9.827590213800677
2.75,0.5,2.0273508760795904,0.5819373999999999,-9.362929887901137
2.75,0.625,2.066395101019265,0.5698351,-7.937435820886937
2.75,0.75,1.995736397135073,0.5505368,-5.720654152512639
2.75,0.875,2.0553236911893964,0.5298574,-3.319395182254583
2.75,1.0,1.4660001688222486,0.5066906,-0.6626125884323466
2.75,1.125,1.7684723737193437,0.483027,2.078965833316566
2.75,1.25,1.9352645877784251,0.45847940000000004,4.974072258070649
2.75,1.375,1.9686240267836879,0.4328679,8.017726267473531
2.75,1.5,1.984713950867078,0.408406,10.995906804906792
2.75,1.625,1.9957496212034649,0.38342,14.109832092403739
2.75,1.75,1.9891463118341595,0.3589029,17.25479519207087
2.75,1.875,1.989965303002979,0.33541139999999997,20.383810246756877
2.75,2.0,1.9905019697441584,0.312058,23.585153386930607
3.0,0.125,1.7362940019844393,0.556706,-6.611583794661789
3.0,0.25,1.9834075601434749,0.5879181,-10.207987358703035
3.0,0.375,2.0416156681977564,0.6001172,-11.532789238573292
3.0,0.5,2.0406916342014174,0.5956747,-10.987666816048405
3.0,0.625,2.0469328797071613,0.5799003,-9.144072422915036
3.0,0.75,2.036910424030907,0.5600567,-6.8262940381365
3.0,0.875,2.04163318698527,0.5354803,-3.9898136446692765
3.0,1.0,1.7899641988503003,0.5101975,-1.0604737541137534
3.0,1.125,1.754810621419258,0.48369510000000004,2.0513571741716787
3.0,1.25,1.9084582165880177,0.45631330000000003,5.266236165445997
3.0,1.375,1.9655384787141166,0.4291419,8.50812624621245
3.0,1.5,1.9786057536986517,0.40251,11.790636296230502
3.0,1.625,1.9805706049132334,0.3752582,15.217236846741232
3.0,1.75,1.99384333179119,0.3495193,18.60622430282322
3.0,1.875,1.9855779701831064,0.32405880000000004,22.06113929041827
3.0,2.0,1.9879936993545602,0.2998087,25.547329570253147
3.25,0.125,1.925887777506332,0.5677378,-7.961184041617188
3.25,0.25,2.0376136246494347,0.6087184999999999,-12.723365207442416
3.25,0.375,2.035758220582667,0.6165343,-13.538787255637878
3.25,0.5,2.013727561065372,0.6096408999999999,-12.695315894553316
3.25,0.625,2.0351045185606846,0.5908044,-10.461777349471879
3.25,0.75,2.057961701536818,0.5682214,-7.791310355205193
3.25,0.875,2.060527197866942,0.5411057,-4.624786448283182
3.25,1.0,1.8904925243728543,0.5140337,-1.484088409613151
3.25,1.125,1.7406553775064506,0.4848668,1.9147183508265742
3.25,1.25,1.912348763131876,0.45493870000000003,5.471556873289671
3.25,1.375,1.973098338304478,0.4259865,8.953870833233685
3.25,1.5,1.9817249166107263,0.39634400000000003,12.622769771844574
3.25,1.625,1.9823741315924328,0.36781959999999997,16.329380678844853
3.25,1.75,1.9930651310717127,0.3402004,19.998100815914018
3.25,1.875,1.9940134877736335,0.3131112,23.747202097978725
3.25,2.0,1.9948555410489834,0.2881455,27.45005199258334
3.5,0.125,1.853517158967305,0.5795738,-9.428347467635575
3.5,0.25,1.9523175689280887,0.6223027,-14.409296648587775
3.5,0.375,1.9927228088370257,0.6316826999999999,-15.396816036122596
3.5,0.5,2.0262444508201636,0.6228865,-14.287628151167851
3.5,0.625,2.033002103817493,0.6017412999999999,-11.741459662316654
3.5,0.75,1.9959087175764074,0.5761243,-8.73135132096208
3.5,0.875,2.0108243019365166,0.5471466,-5.370857714625691
3.5,1.0,1.8195942046764852,0.5163327,-1.7534383269857525
3.5,1.125,1.7860909163890508,0.4853698,1.883110789568746
3.5,1.25,1.926202350507638,0.4539178,5.653790742895027
3.5,1.375,1.9658856741214261,0.42176089999999994,9.56013172268728
3.5,1.5,1.976326096921651,0.390745,13.43643935481751
3.5,1.625,1.995431611892439,0.36065169999999996,17.362260105136706
3.5,1.75,1.9996380404243752,0.33036839999999995,21.477418836892152
3.5,1.875,1.9930335214827122,0.30328279999999996,25.372407168150154
3.5,2.0,1.9931985556238412,0.2760102,29.488970598344505
3.75,0.125,1.9138968017132165,0.5907603,-10.859672916817695
3.75,0.25,2.0160635629814494,0.6379168,-16.380689276593422
3.75,0.375,2.00138173700202,0.6470632,-17.337271146616548
3.75,0.5,2.0498876321173287,0.6350853,-15.776012120365607
3.75,0.625,2.029498548941125,0.6110730999999999,-12.883880320308325
3.75,0.75,2.050916941318236,0.5839303,-9.650837014525672
3.75,0.875,2.063702353105003,0.5535606,-6.108638574152619
3.75,1.0,2.0197179011453796,0.519809,-2.1332076809663323
3.75,1.125,1.7731156154032153,0.4856253,1.8633594383546428
3.75,1.25,1.9206255246508148,0.4518507,5.92972511450129
3.75,1.375,1.982010905699491,0.41774769999999994,10.081068274018472
3.75,1.5,1.9757970977108992,0.3848825,14.275657086325017
3.75,1.625,1.9845119096864925,0.3529249,18.50451279029266
3.75,1.75,1.9900233787637045,0.32212060000000003,22.796780644626672
3.75,1.875,1.9906030349233497,0.29268720000000004,27.114542858328594
3.75,2.0,1.9947308958636416,0.2653845,31.478406696831758
4.0,0.125,1.9491348355702323,0.5994208999999999,-12.004963479255817
4.0,0.25,2.0657562942579566,0.6555721000000001,-18.666263053430004
4.0,0.375,2.0296971488487867,0.661505,-19.175292185349566
4.0,0.5,2.0391751055237384,0.6478704,-17.395186079085132
4.0,0.625,2.0200735028758388,0.6225142,-14.30384872259056
4.0,0.75,2.0074730493622535,0.5920058,-10.642436111344082
4.0,0.875,2.042315907378237,0.5580271,-6.640133184880538
4.0,1.0,2.048008660880996,0.5228631,-2.51858621256124
4.0,1.125,1.6733572725343628,0.4867825,1.7620270626407257
4.0,1.25,1.939087481767263,0.4501986,6.151816432838446
4.0,1.375,1.9791961348955334,0.414183,10.622347205918283
4.0,1.5,1.9871743908745092,0.37954150000000003,15.094200088235102
4.0,1.625,2.000594046242667,0.3455269,19.643164347798244
4.0,1.75,1.992410513792907,0.31310520000000003,24.254370966193957
4.0,1.875,1.9862287984412386,0.28284360000000003,28.850974333517517
4.0,2.0,1.996410095972795,0.2547257,33.463075154347386
