lp_w,Pf_Ps,alpha,trap_frac,mean_vx
0.25,0.125,1.1673922269985657,0.11057018,0.19692190179967425
0.25,0.25,1.4013113616853872,0.10986396,0.37947293219869427
0.25,0.375,1.5985416610724117,0.11148766,0.5777035099188856
0.25,0.5,1.7157078894979712,0.11206474,0.7628597477192596
0.25,0.625,1.7844518613589293,0.10893014,0.9400324074765116
0.25,0.75,1.8554580573019166,0.10925078,1.1637839922033868
0.25,0.875,1.8700875903022134,0.10832246,1.3446081014633722
0.25,1.0,1.8627234223430016,0.10783284,1.5628190608217185
0.25,1.125,1.9151157927495266,0.10876534,1.748864464889456
0.25,1.25,1.926936197827353,0.10449592,1.9877147340074992
0.25,1.375,1.922923736968388,0.10355598,2.1568167082016974
0.25,1.5,1.9070235308401655,0.1034175,2.37658247059672
0.25,1.625,1.9386768635722909,0.10240372,2.5967160379212664
0.25,1.75,1.9442687574226585,0.10123776,2.8109987522861326
0.25,1.875,1.935440165284864,0.099043,3.0157883861631034
0.25,2.0,1.9489933423323893,0.09783008,3.2440315789225553
0.5,0.125,1.0453121065545956,0.19331486,0.22914586615476235
0.5,0.25,1.203655563240147,0.19175268,0.34884883477006257
0.5,0.375,1.3558949422789273,0.18935406,0.6018463076900691
0.5,0.5,1.494232141514332,0.18749986,0.8304318892813708
0.5,0.625,1.5731615685775369,0.18226268,1.0746433317532722
0.5,0.75,1.659284364724216,0.17846044,1.3574480665881368
0.5,0.875,1.7728999429694638,0.17326024,1.6687315187897471
0.5,1.0,1.8414710471917248,0.17211636,1.9433601284067026
0.5,1.125,1.830993426606507,0.1663159,2.3017538480493984
0.5,1.25,1.8812702012867104,0.16148274,2.6833802910906543
0.5,1.375,1.908717649785735,0.15636126,3.0792025142169583
0.5,1.5,1.9096118257511898,0.15218874,3.448166313306049
0.5,1.625,1.9336303732881277,0.14808168,3.915946418158969
0.5,1.75,1.9298251041264067,0.144078,4.323457697896919
0.5,1.875,1.944551567737921,0.14038194,4.798908471265899
0.5,2.0,1.9643005610480062,0.13643548,5.237664899519249
0.75,0.125,1.0399302106795532,0.24780744,0.029410359880633778
0.75,0.25,1.0373809741191815,0.24517592,-0.03974638613887051
0.75,0.375,1.075224137316979,0.24255276,0.07057818879046937
0.75,0.5,0.9588588037550536,0.23705104,0.2366288949355061
0.75,0.625,1.0812415610787014,0.2313465,0.4370399081768446
0.75,0.75,1.3790501813590221,0.22541822,0.7831845116600743
0.75,0.875,1.5226822853603879,0.21481402,1.1855937392227918
0.75,1.0,1.6698134101773916,0.20777564,1.6455140834791908
0.75,1.125,1.7598728163513426,0.20111676,2.1790679472236913
0.75,1.25,1.7978083108442453,0.19400838,2.7396146060701847
0.75,1.375,1.8740396827972206,0.186509,3.3775395473167884
0.75,1.5,1.891997196020873,0.17926832,4.053859624051358
0.75,1.625,1.9345029483201952,0.17466228,4.645168545929551
0.75,1.75,1.919864941515431,0.1672755,5.401135665156801
0.75,1.875,1.9398712601959918,0.16171626,6.117896655750498
0.75,2.0,1.955938581213468,0.15685326,6.788319594136505
1.0,0.125,1.1165887636003196,0.289951,-0.46574666056382596
1.0,0.25,1.2719815650627428,0.28528434,-0.7528306555945667
1.0,0.375,1.3624019302982409,0.2788649,-0.8747231479809142
1.0,0.5,1.390761647038311,0.26962752,-0.8691709955525951
1.0,0.625,1.279889910099353,0.2603782,-0.6510041912671108
1.0,0.75,1.1010669845982757,0.2507293,-0.23893871119578286
1.0,0.875,1.0681814756666546,0.24229876,0.32472464440318083
1.0,1.0,1.4212286233684428,0.23102204,0.997932383997999
1.0,1.125,1.698696834606157,0.22141564,1.7573461449315064
1.0,1.25,1.8010845031274374,0.21334592,2.567460461449079
1.0,1.375,1.844936492883372,0.20603472,3.4137240892630434
1.0,1.5,1.873336420393582,0.19666388,4.307993530302928
1.0,1.625,1.9339649151457383,0.19102412,5.167688556875851
1.0,1.75,1.9602559628345075,0.18380208,6.1955572011270235
1.0,1.875,1.9464070651441425,0.17777316,7.129086392054834
1.0,2.0,1.9487769750026167,0.17130212,8.140229335475407
1.25,0.125,1.2655171626576103,0.31676648,-1.0863533800897829
1.25,0.25,1.52302592263582,0.31289496,-1.7578807590997907
1.25,0.375,1.7058564245756123,0.3030813,-2.2107451393211215
1.25,0.5,1.7332572747228385,0.29262278,-2.23660305296316
1.25,0.625,1.7498604960340605,0.28174328,-1.9908997470029424
1.25,0.75,1.6474841117137553,0.27123438,-1.386084874630797
1.25,0.875,1.3696033602513702,0.26043588,-0.6961616380459688
1.25,1.0,0.8243181379742032,0.24894052,0.1919767806621916
1.25,1.125,1.3684919630105634,0.23853988,1.131176131078607
1.25,1.25,1.6568137292045666,0.2288641,2.2150046928484337
1.25,1.375,1.819512506509879,0.21918776,3.267507696742872
1.25,1.5,1.8753382677254324,0.21363824,4.4003511555562635
1.25,1.625,1.9206883669033608,0.2039069,5.554118176676892
1.25,1.75,1.9178518983279216,0.19707874,6.750380406091925
1.25,1.875,1.96282878093105,0.18953566,7.93240266961736
1.25,2.0,1.9582957434879922,0.18351226,9.188678250734469
1.5,0.125,1.4388820557078885,0.33558088,-1.8558945568237404
1.5,0.25,1.7658591977134102,0.333192,-3.229885773429122
1.5,0.375,1.9223503608456316,0.32389442,-3.829351431309116
1.5,0.5,1.9480590812939245,0.31324916,-3.987839856888984
1.5,0.625,1.9825045975797473,0.29945448,-3.527738679893121
1.5,0.75,1.8957510860018487,0.28684048,-2.712745991898162
1.5,0.875,1.8028354428572322,0.27416546,-1.797008729193614
1.5,1.0,1.3776567405161422,0.26184592,-0.6899810333607429
1.5,1.125,1.1505297716775391,0.25175566,0.5395403107596691
1.5,1.25,1.627367439661299,0.24096672,1.761150376874154
1.5,1.375,1.7818484428702928,0.23222114,3.0309508251790462
1.5,1.5,1.8470894462308334,0.2242014,4.36633827338317
1.5,1.625,1.923713458978046,0.21501652,5.767083392300056
1.5,1.75,1.9247889452943507,0.20779454,7.192965148415451
1.5,1.875,1.9364376342228369,0.20089808,8.622325140398841
1.5,2.0,1.956018955678089,0.19347206,10.119950996377383
1.75,0.125,1.531171973948318,0.35321422,-2.8364503574792463
1.75,0.25,1.874870009234398,0.35148406,-4.835501688928093
1.75,0.375,1.949648276098871,0.34132686,-5.664069810954282
1.75,0.5,2.0123746918038674,0.32872806,-5.642105813487568
1.75,0.625,2.0205444081985364,0.31386814,-5.07226860040356
1.75,0.75,2.0339611521788727,0.29960818,-4.084853968463149
1.75,0.875,1.9631924137746002,0.28707552,-2.916203473121208
1.75,1.0,1.7233875078130827,0.27467446,-1.614834276763867
1.75,1.125,1.0303760257254102,0.26268558,-0.21264912665659985
1.75,1.25,1.4570841116201447,0.25208288,1.2970136095666078
1.75,1.375,1.7559587300937791,0.24138818,2.811440601056943
1.75,1.5,1.8919320338765504,0.23299992,4.409336933832947
1.75,1.625,1.8890251442023385,0.22511508,5.974705558843733
1.75,1.75,1.9289248950836928,0.21692792,7.6098914013818195
1.75,1.875,1.9394491855551808,0.20814072,9.303449450378865
1.75,2.0,1.9569863614214023,0.20115808,11.014770332912994
2.0,0.125,1.6285443240873894,0.36829022,-3.860304881656928
2.0,0.25,1.960093421511964,0.36733182,-6.538675196468046
2.0,0.375,2.00992567037375,0.35701588,-7.508008944946816
2.0,0.5,2.0418756572819774,0.34263598,-7.4528885612447
2.0,0.625,2.0577215591013083,0.32631566,-6.635244921006384
2.0,0.75,2.0407794045733407,0.31162182,-5.469892012515244
2.0,0.875,2.0220056569810763,0.29804586,-4.125968169800188
2.0,1.0,1.969461698740524,0.2858564,-2.5870328344596922
2.0,1.125,1.580157424396531,0.27343724,-0.985068146440877
2.0,1.25,1.1810679197178935,0.26229224,0.7224568178783768
2.0,1.375,1.705943049314471,0.25205912,2.4797377722238405
2.0,1.5,1.8665604137557643,0.24260612,4.221558740604709
2.0,1.625,1.8931396332154002,0.23384796,5.9707855895786786
2.0,1.75,1.9386536877931184,0.22393856,7.9539612425101325
2.0,1.875,1.9447630443485633,0.21623666,9.780302794076922
2.0,2.0,1.980112224017685,0.20882594,11.690292618847218
2.25,0.125,1.753845242909708,0.3801888,-5.155121134121207
2.25,0.25,2.024067693293445,0.38459576,-8.32465498931344
2.25,0.375,2.0373048025475855,0.37099556,-9.422792380739345
2.25,0.5,2.0449312277522997,0.3549762,-9.190430703318585
2.25,0.625,2.0356186003402534,0.33965116,-8.177975831644458
2.25,0.75,2.049673394955303,0.32346736,-6.888659782329896
2.25,0.875,2.044644129471382,0.3086454,-5.237513828991061
2.25,1.0,2.023433436081806,0.29604786,-3.5436493437751984
2.25,1.125,1.8030596244279926,0.2827653,-1.7308418066907583
2.25,1.25,0.9283427154903181,0.27070386,0.20243786669697303
2.25,1.375,1.718672922158856,0.26013238,2.0980910327229045
2.25,1.5,1.8416085421544934,0.25057832,4.092171941279171
2.25,1.625,1.9011364862825564,0.24153736,6.066527572572959
2.25,1.75,1.934927394730817,0.23254266,8.152059127942138
2.25,1.875,1.9648641866867413,0.22235678,10.339522110890949
2.25,2.0,1.9628994889345028,0.21454168,12.504714190320273
2.5,0.125,1.8237398381001417,0.39681162,-6.689225051179683
2.5,0.25,2.0131493565214464,0.39910156,-10.572874331129029
2.5,0.375,2.047710951151956,0.3846196,-11.48385812039379
2.5,0.5,2.0358839202003205,0.36692664,-10.98529703584301
2.5,0.625,2.046792580852039,0.35034066,-9.783706462224853
2.5,0.75,2.0434631591390375,0.33264044,-8.155998301599666
2.5,0.875,2.045888829978235,0.3190185,-6.403289151581231
2.5,1.0,2.0168059470830366,0.30545134,-4.511307350053174
2.5,1.125,1.9710880670963853,0.29297926,-2.494693928347711
2.5,1.25,1.0585459124364052,0.27929468,-0.41426966754684225
2.5,1.375,1.5937605789792046,0.26722336,1.8335192320060265
2.5,1.5,1.8571359062335355,0.25755608,3.9624252158630466
2.5,1.625,1.9383145704468547,0.24691928,6.16451696706023
2.5,1.75,1.9296523241408374,0.23814648,8.458054925186346
2.5,1.875,1.9495621430667247,0.22905,10.783362095184055
2.5,2.0,1.9503714958743177,0.22016504,13.072717671490102
2.75,0.125,1.8766094655205854,0.40873732,-8.243056314394929
2.75,0.25,2.0198219727779083,0.41205858,-12.638265760329634
2.75,0.375,2.041269083162861,0.39838436,-13.454286952375467
2.75,0.5,2.0455804370459703,0.37976596,-12.75510319170867
2.75,0.625,2.045799884540572,0.36058728,-11.32264884716424
2.75,0.75,2.044797934360411,0.34434734,-9.535603613613803
2.75,0.875,2.0519974390717146,0.32959898,-7.589750473644748
2.75,1.0,2.047579379383785,0.31434778,-5.456878263593084
2.75,1.125,2.016136939155252,0.30097146,-3.2691558224699193
2.75,1.25,1.4139478595681854,0.28832788,-0.991065298684563
2.75,1.375,1.459392811207336,0.2761942,1.3685368515182268
2.75,1.5,1.8028564909327094,0.26588698,3.736866492672974
2.75,1.625,1.8499279061829266,0.25469802,6.198171965647853
2.75,1.75,1.9481506483343918,0.24386216,8.70236233980222
2.75,1.875,1.9437798903789636,0.23424378,11.194934695107397
2.75,2.0,1.9609236399815078,0.22430894,13.821850068275035
3.0,0.125,1.8974164768231685,0.42338548,-9.943010625294583
3.0,0.25,2.0299599204883703,0.42609904,-14.567768623923069
3.0,0.375,2.0387821670402286,0.40985068,-15.403110664707317
3.0,0.5,2.037036101988441,0.38936984,-14.511100303805545
3.0,0.625,2.0344680206371075,0.37062948,-12.87615216775334
3.0,0.75,2.039135217146644,0.35416782,-10.898885821641402
3.0,0.875,2.0399885975515537,0.33636322,-8.696016608807593
3.0,1.0,2.0483386875931946,0.32203506,-6.412982050122115
3.0,1.125,2.0443639064412396,0.30859542,-4.022117480992448
3.0,1.25,1.739350902450489,0.29374506,-1.504851699842329
3.0,1.375,1.2756535839910625,0.28362754,0.9839369766386011
3.0,1.5,1.7906571446865394,0.2723547,3.588430466496403
3.0,1.625,1.8928575915875516,0.26094162,6.195705747071547
3.0,1.75,1.9449799642879417,0.24912048,8.942735357253692
3.0,1.875,1.946418671894002,0.23967026,11.67741519288031
3.0,2.0,1.964606137940546,0.22900222,14.422628027142768
3.25,0.125,1.941345723828037,0.43608674,-11.804173645448813
3.25,0.25,2.0425222535449437,0.4397163,-16.804753258718318
3.25,0.375,2.037057136255414,0.42175644,-17.393865685504714
3.25,0.5,2.0418567483726697,0.40149882,-16.281053550063895
3.25,0.625,2.0401651963276026,0.38096124,-14.423838862971763
3.25,0.75,2.044299061673209,0.3637352,-12.235185646062927
3.25,0.875,2.055839840980821,0.34599152,-9.885956599655348
3.25,1.0,2.050230816767964,0.32933006,-7.32432002530076
3.25,1.125,2.0278673012003363,0.3169358,-4.790687270002703
3.25,1.25,1.869310682920317,0.30372412,-2.10251500413644
3.25,1.375,1.058641222699375,0.2905601,0.6064044252912654
3.25,1.5,1.7616110815985808,0.27884052,3.378545468618611
3.25,1.625,1.9015940647940854,0.26612636,6.216864272558082
3.25,1.75,1.928278270168129,0.2539357,9.214619306391082
3.25,1.875,1.959632549943984,0.24440682,12.033677700556664
3.25,2.0,1.9689391136943244,0.23322172,15.018435846068396
3.5,0.125,1.9613348143638745,0.44662622,-13.541468530202312
3.5,0.25,2.02145633506788,0.45039456,-18.93171758544509
3.5,0.375,2.0380323094085093,0.43290468,-19.422665350523715
3.5,0.5,2.0366429312433265,0.41078938,-17.974420617848605
3.5,0.625,2.0382743681695823,0.39214004,-16.011198006715677
3.5,0.75,2.040846580229331,0.3721167,-13.585222116237553
3.5,0.875,2.040201059240996,0.35475188,-11.033839153721319
3.5,1.0,2.0509544059393736,0.33872162,-8.329804125783383
3.5,1.125,2.035498049890829,0.32506374,-5.600456439499712
3.5,1.25,1.9276286093138417,0.30957882,-2.6337118568747018
3.5,1.375,0.9202538821715889,0.29595924,0.22844831339682684
3.5,1.5,1.782216302378262,0.28409908,3.2119695092703533
3.5,1.625,1.8892083990160535,0.27203428,6.245961708026532
3.5,1.75,1.9222231709145168,0.26015738,9.299860514066731
3.5,1.875,1.9496425625387954,0.24818612,12.428883696883213
3.5,2.0,1.9686565759647912,0.23799694,15.602034910743532
3.75,0.125,1.9883266101748598,0.46037986,-15.58063202546145
3.75,0.25,2.030799655900619,0.46411022,-21.216415790140523
3.75,0.375,2.042209642011012,0.4452317,-21.359387226233526
3.75,0.5,2.045408893609149,0.4211913,-19.759773484986773
3.75,0.625,2.037013386230483,0.4000899,-17.487263011152777
3.75,0.75,2.038177516883891,0.38221998,-14.985496166479653
3.75,0.875,2.0416748475407056,0.36383658,-12.173468758679313
3.75,1.0,2.0378252950618414,0.34648618,-9.299560073523516
3.75,1.125,2.047318442739401,0.33244442,-6.308371200266823
3.75,1.25,2.0008164430665,0.31643134,-3.22823706426135
3.75,1.375,0.8604047238133585,0.30282606,-0.1197933070169602
3.75,1.5,1.7380606827368292,0.29024606,3.0083339760845984
3.75,1.625,1.8643143587638533,0.27601956,6.345031510782074
3.75,1.75,1.9321126131607604,0.26350582,9.551509334397103
3.75,1.875,1.964815900078958,0.25273024,12.791193295775301
3.75,2.0,1.968382706673984,0.2424032,16.13173743853755
4.0,0.125,1.993595626121214,0.47283366,-17.53485671045291
4.0,0.25,2.0325744104347008,0.47550644,-23.305802617271393
4.0,0.375,2.0383019438937144,0.45557368,-23.244658657057055
4.0,0.5,2.030410839977796,0.43100902,-21.480588604606417
4.0,0.625,2.0298365698956684,0.41011104,-19.07071329094258
4.0,0.75,2.027948605436957,0.38961636,-16.317419038803582
4.0,0.875,2.037431476453224,0.37198142,-13.29764763002684
4.0,1.0,2.0383916634720394,0.35401254,-10.251954258160621
4.0,1.125,2.0299671665005232,0.3396049,-7.162772438970999
4.0,1.25,1.9958010319767872,0.32254738,-3.8041734665527374
4.0,1.375,1.1148498663792428,0.30817476,-0.4867207317502142
4.0,1.5,1.7310714743793312,0.29497942,2.888639122155217
4.0,1.625,1.879374385573604,0.28186356,6.2463114457329585
4.0,1.75,1.948194411533892,0.26955508,9.696242036102415
4.0,1.875,1.9588443076831672,0.25646402,13.259337155610618
4.0,2.0,1.965747821914449,0.24501976,16.76529305148567
