lp_w,Pf_Pe,alpha,back_frac,mean_vx
0.25,0.125,1.1442464689437069,0.4985293,0.16697127560031497
0.25,0.25,1.4655563842298764,0.496439,0.4173149942301428
0.25,0.375,1.5574160308272216,0.4950871,0.5622029211194607
0.25,0.5,1.6980926431312287,0.4932729,0.7604114717960898
0.25,0.625,1.711825126091963,0.4915533,0.9456604261093361
0.25,0.75,1.8404465605196714,0.4901327,1.1129845040608137
0.25,0.875,1.9338790325142083,0.48825209999999997,1.3246789906175267
0.25,1.0,1.8862242581448911,0.4861177,1.5540046313242342
0.25,1.125,1.8698238328523307,0.48464480000000004,1.7236005083044157
0.25,1.25,1.964261390370254,0.4827399,1.9411812596427032
0.25,1.375,1.9333827041686862,0.4812023,2.1118286321828648
0.25,1.5,1.9080758616150444,0.47832589999999997,2.4357132982370646
0.25,1.625,1.9635547943417762,0.4768128,2.597228505581495
0.25,1.75,1.9484127273951313,0.4745524,2.831657486538174
0.25,1.875,1.9377662126312323,0.4729086,3.0331909884593538
0.25,2.0,1.951393036208512,0.47152019999999994,3.194767774783238
0.5,0.125,0.9880477265862304,0.49809480000000006,0.21372559342347522
0.5,0.25,1.1813076240963423,0.496422,0.3952788629482391
0.5,0.375,1.199048372882777,0.4956789,0.4977873482351547
0.5,0.5,1.495157061721989,0.49326440000000005,0.7478739952328116
0.5,0.625,1.6352153613055511,0.4907348,1.0261580780026869
0.5,0.75,1.710255147830729,0.4884372,1.3126156814771794
0.5,0.875,1.7466269685215179,0.48655489999999996,1.5167351665854656
0.5,1.0,1.922555754971921,0.481855,2.036346074736689
0.5,1.125,1.824356916635717,0.4798425,2.2650065909859918
0.5,1.25,1.855830097456243,0.4759108,2.7193001258558467
0.5,1.375,1.8821840928826994,0.4730185,3.0417780731958177
0.5,1.5,1.9379684638390247,0.46886900000000004,3.5066998462983237
0.5,1.625,1.9356331713850774,0.4659204,3.857082231503965
0.5,1.75,1.8792986216684677,0.46143730000000005,4.344436827073045
0.5,1.875,1.9671980413701886,0.4573205,4.821846274001675
0.5,2.0,1.9653710157591837,0.4529151,5.316885430248767
0.75,0.125,0.9196732431904628,0.5000637,-0.004631197244241301
0.75,0.25,1.0454815720153827,0.5002065,-0.018496263630202132
0.75,0.375,0.9515023140168982,0.49941870000000005,0.06713933670643302
0.75,0.5,1.0755992655554458,0.49819209999999997,0.22912833955267659
0.75,0.625,1.035585194799011,0.49593370000000003,0.46965128103804893
0.75,0.75,1.421805638539594,0.4938358,0.7029940508638792
0.75,0.875,1.3839832877741012,0.48970559999999996,1.1615893841562468
0.75,1.0,1.6881791424518116,0.4858436,1.5990201675122921
0.75,1.125,1.7449138159875341,0.4812357,2.128063219254731
0.75,1.25,1.8368145029941738,0.4752712,2.8124974798139593
0.75,1.375,1.8413606284522597,0.46964730000000005,3.4288591821603993
0.75,1.5,1.9394196857067634,0.46541699999999997,3.9250149884649246
0.75,1.625,1.9222051344315791,0.45847309999999997,4.710105088793436
0.75,1.75,1.9457503243975152,0.4524115,5.431352550386938
0.75,1.875,1.9325096644029254,0.4469238,6.059031744303653
0.75,2.0,1.9808738284101994,0.4408699,6.7403748028883905
1.0,0.125,1.083313372396945,0.5036071,-0.4238105512086537
1.0,0.25,1.2173277869199612,0.507009,-0.7685608923882594
1.0,0.375,1.2563911319065737,0.5078333,-0.8692532291496419
1.0,0.5,1.4198501759203028,0.5083287000000001,-0.9370000321075719
1.0,0.625,1.1907889240288347,0.5065362999999999,-0.7110572767310261
1.0,0.75,1.0761663103169121,0.5029704,-0.31129843655129985
1.0,0.875,0.6376728541158849,0.49817839999999997,0.21703671289525506
1.0,1.0,1.4534052835166993,0.4923579,0.9025006842522435
1.0,1.125,1.6731521295774414,0.4844882,1.790272088237877
1.0,1.25,1.7560070758573971,0.4780514,2.512786145432146
1.0,1.375,1.7744338218457436,0.4716554,3.2679719796243485
1.0,1.5,1.8750386371389234,0.4625561,4.296936092159734
1.0,1.625,1.9002430564119148,0.454809,5.1969751588668425
1.0,1.75,1.9530698598703244,0.4465606,6.145042723841565
1.0,1.875,1.9235101459421395,0.438213,7.114866378969622
1.0,2.0,1.9607365783272945,0.4310455,7.959152935998696
1.25,0.125,1.2576971839232731,0.507972,-0.8923919638625931
1.25,0.25,1.547453408222907,0.5167808,-1.8910410134430793
1.25,0.375,1.6601905998012478,0.5189045999999999,-2.121656066062309
1.25,0.5,1.8220848509115324,0.5202054,-2.265261313088057
1.25,0.625,1.8271380555753396,0.5189280000000001,-2.1021064808804466
1.25,0.75,1.675939492253563,0.5127621,-1.4063189409704275
1.25,0.875,1.361677881407839,0.5075442,-0.796869091033732
1.25,1.0,1.120729302074506,0.4983558,0.21737547045046804
1.25,1.125,1.5727041946073812,0.48999410000000004,1.1612348684923948
1.25,1.25,1.5774789877715973,0.4821159,2.08729763885989
1.25,1.375,1.73667644219739,0.4720339,3.2536646755783107
1.25,1.5,1.9148342338660422,0.4626496,4.342172266084696
1.25,1.625,1.9082261558793279,0.4523275,5.517291937630255
1.25,1.75,1.9400433202977103,0.44217639999999997,6.733576719217874
1.25,1.875,1.9797162751670339,0.432185,7.9026718113969805
1.25,2.0,1.9599324035276233,0.421244,9.216233104883177
1.5,0.125,1.4366253167031946,0.5184312999999999,-2.067045003589947
1.5,0.25,1.786080300363329,0.5276365000000001,-3.1039977626695814
1.5,0.375,1.9016673471313472,0.533748,-3.808602490860936
1.5,0.5,1.905359612250959,0.5346183999999999,-3.8954971604621895
1.5,0.625,1.9452283962096193,0.5310674,-3.4740804232113147
1.5,0.75,1.9989160758562556,0.5238576,-2.64973549555777
1.5,0.875,1.7385103907667676,0.5165951999999999,-1.8080919882251814
1.5,1.0,1.2378120636765666,0.5063964,-0.6583856019632497
1.5,1.125,1.1711297060997752,0.49558379999999996,0.5895805496685559
1.5,1.25,1.6677604100044012,0.4858247,1.7213907381514129
1.5,1.375,1.725838738120232,0.4751478,2.955654433039337
1.5,1.5,1.8845054385682987,0.4621654,4.438932399507779
1.5,1.625,1.9303819556105504,0.4502921,5.856804182572251
1.5,1.75,1.9205907885719822,0.4389242,7.203299162013661
1.5,1.875,1.944168134082563,0.42659169999999996,8.68023174806781
1.5,2.0,1.9353081868435464,0.4155218,10.002227842026514
1.75,0.125,1.4894250556776936,0.5253473000000001,-2.8670524607604317
1.75,0.25,1.910100526086578,0.5419893,-4.74851106360511
1.75,0.375,1.988152938139954,0.5509889,-5.746022306242868
1.75,0.5,1.9885721244448298,0.5507882,-5.7260946859319475
1.75,0.625,2.024418220921747,0.5443893,-5.0012238848888115
1.75,0.75,1.9818012830990688,0.5370742,-4.139882681902749
1.75,0.875,2.044786636726245,0.5265679,-2.958555234881453
1.75,1.0,1.8308542217388453,0.5150634,-1.6218929902407375
1.75,1.125,0.8051239014831458,0.50259,-0.18453999553491618
1.75,1.25,1.493412355105866,0.4894379,1.3429066926061635
1.75,1.375,1.6666351260655836,0.4773078,2.748502657202307
1.75,1.5,1.928289161427084,0.4637399,4.309383024004985
1.75,1.625,1.8973620042469976,0.4495824,6.040974544134908
1.75,1.75,1.9766950767344982,0.4371267,7.5262331818926675
1.75,1.875,1.9330511966477455,0.4233714,9.196465827560868
1.75,2.0,1.945180820822875,0.4080371,11.104939845720088
2.0,0.125,1.6618218318873708,0.5352469,-4.016478505664487
2.0,0.25,1.9943856805704758,0.5598169000000001,-6.797197371791732
2.0,0.375,2.0214058043897674,0.5659461,-7.480511103771031
2.0,0.5,2.033890389639599,0.5657401999999999,-7.462127994540328
2.0,0.625,2.003826540837616,0.5585326,-6.627802900594719
2.0,0.75,2.030119960627306,0.5479712,-5.389942608844591
2.0,0.875,2.0525815697765064,0.5364265,-4.062933736026508
2.0,1.0,1.951678903296567,0.523242,-2.5585059387987754
2.0,1.125,1.493743365520771,0.5100889,-1.0327324283284318
2.0,1.25,1.2704480058621415,0.49518080000000003,0.6991274343769627
2.0,1.375,1.738533834912829,0.4801516,2.4737323096317874
2.0,1.5,1.8641023056874837,0.46491629999999995,4.269737706722446
2.0,1.625,1.9201268112936267,0.4507758,5.960753776672672
2.0,1.75,1.9589712195288174,0.43394889999999997,7.995000452718109
2.0,1.875,1.9833957924883963,0.4197063,9.756513138630446
2.0,2.0,1.9846047705922891,0.40485709999999997,11.669471795424574
2.25,0.125,1.764523065893169,0.5482369,-5.523882156025078
2.25,0.25,2.0025661455650665,0.5755681,-8.616765388589986
2.25,0.375,2.0347862345048804,0.5820945,-9.360031178875639
2.25,0.5,2.065808757901309,0.5818101999999999,-9.297850640734895
2.25,0.625,2.0290716915088836,0.5721257,-8.172479990956392
2.25,0.75,2.047981959653356,0.5595971,-6.748983378112614
2.25,0.875,2.070785652036159,0.5467730000000001,-5.2362065734141785
2.25,1.0,2.0233289191690917,0.5319254,-3.5454647404024273
2.25,1.125,1.7388226924803456,0.5162586,-1.712188341527575
2.25,1.25,1.0266672802724177,0.4999169,0.20347728968932932
2.25,1.375,1.639772917730603,0.483829,2.0931523773677347
2.25,1.5,1.844282740713818,0.46713230000000006,4.0601860693704666
2.25,1.625,1.8922892405512401,0.450841,6.041880569047248
2.25,1.75,1.888296119146465,0.4330354,8.262170883232132
2.25,1.875,1.9245247613630116,0.41556449999999995,10.462617894451125
2.25,2.0,1.9146633385683605,0.4007836,12.314301214195327
2.5,0.125,1.8617884600165284,0.5606062,-6.987815761521916
2.5,0.25,1.9740059114244548,0.5909888,-10.449643896344236
2.5,0.375,2.0169092900391523,0.5998486,-11.431691654056493
2.5,0.5,2.0537319655696438,0.5964037,-11.014951002263857
2.5,0.625,2.007085289393685,0.5865328,-9.844202383115583
2.5,0.75,2.067304008111695,0.5719105999999999,-8.12394986915576
2.5,0.875,2.072330555835512,0.5569527,-6.424874521061271
2.5,1.0,2.027357572279877,0.5409294,-4.540164540494494
2.5,1.125,1.9965825344092865,0.5226955,-2.431014606987384
2.5,1.25,1.1832521617731984,0.5045808,-0.3153325140972315
2.5,1.375,1.6121892333168266,0.48752029999999996,1.7087817064894897
2.5,1.5,1.9013314307253584,0.4690978,3.9174828274419173
2.5,1.625,1.8781577075498157,0.44967870000000004,6.2501908148777146
2.5,1.75,1.9326164099827499,0.4325372,8.407629850990444
2.5,1.875,1.9893480807097323,0.4137188,10.824285490562271
2.5,2.0,2.0025395065014044,0.3961237,13.088731603436498
2.75,0.125,1.873499264566371,0.571981,-8.340132138118712
2.75,0.25,2.0193323340368505,0.6063824,-12.293923581989358
2.75,0.375,2.053908326520001,0.6167827,-13.477763055140985
2.75,0.5,2.041322570918497,0.6110442,-12.743395609456405
2.75,0.625,2.07344575788226,0.5998681,-11.400361190412596
2.75,0.75,2.044222869028121,0.5844176999999999,-9.585810624519429
2.75,0.875,2.0638222112852804,0.5669512,-7.561934993250497
2.75,1.0,2.102474337206912,0.5482581,-5.393847916415815
2.75,1.125,2.031127590609174,0.5298033999999999,-3.265039989776255
2.75,1.25,1.5992915137777526,0.5108058999999999,-1.0033111868215703
2.75,1.375,1.310689857141636,0.4903128,1.4091640030188395
2.75,1.5,1.7755326147602863,0.4710665,3.715270927619715
2.75,1.625,1.9543527731318135,0.4507502,6.247735751968993
2.75,1.75,1.9603532136534627,0.4309273,8.708683852064132
2.75,1.875,1.9574410900457642,0.411966,11.153829453907713
2.75,2.0,1.967235266297927,0.3920635,13.801939916013641
3.0,0.125,1.8939875071633159,0.5874145,-10.196068084851275
3.0,0.25,2.037874580939355,0.6262415,-14.695077608687953
3.0,0.375,2.031341575947465,0.6323880000000001,-15.357003479435148
3.0,0.5,2.0255188731846,0.6258347,-14.510646562383885
3.0,0.625,2.0366203570189327,0.6114629,-12.806348629503965
3.0,0.75,2.044772126381707,0.5949379,-10.86721162994742
3.0,0.875,2.056347911710893,0.5762897,-8.662739893628421
3.0,1.0,2.03547096077103,0.5566223,-6.359560942257713
3.0,1.125,2.0553710481018097,0.536288,-3.978132755047345
3.0,1.25,1.6602124433438146,0.5160457,-1.595411901841455
3.0,1.375,1.2414446785407658,0.49480379999999996,0.958496280768462
3.0,1.5,1.8112627504302516,0.4724288,3.6811115133295953
3.0,1.625,1.9135421300168212,0.45069970000000004,6.342909076434189
3.0,1.75,1.95994157047871,0.4298127,9.020796487571163
3.0,1.875,1.9533347412076583,0.40999050000000004,11.615925271275293
3.0,2.0,1.9628453237449595,0.38984599999999997,14.342969033502095
3.25,0.125,1.9245148851530236,0.6026947,-12.088724807267377
3.25,0.25,2.0346013753251624,0.6441379,-16.914524438272494
3.25,0.375,2.037261287609164,0.6500841,-17.494688546109842
3.25,0.5,2.0177089316469665,0.6402466,-16.2769809082686
3.25,0.625,2.056320760630923,0.6248083,-14.395493642442132
3.25,0.75,2.063067123223414,0.606403,-12.221054784228402
3.25,0.875,2.0543130342812597,0.5868305,-9.90547875347748
3.25,1.0,2.037973788689243,0.564686,-7.305854662136543
3.25,1.125,2.0163756755076054,0.5428849,-4.747103456782707
3.25,1.25,1.8737170061734005,0.5206831,-2.1182648088540947
3.25,1.375,1.1698367466146147,0.4988551,0.5256924398969804
3.25,1.5,1.6984458308558168,0.47569269999999997,3.3509046524598256
3.25,1.625,1.946467710203908,0.45261440000000003,6.214996623485641
3.25,1.75,1.9206645565427474,0.42956669999999997,9.190490652129347
3.25,1.875,1.9561676458569688,0.40743,12.106982176848462
3.25,2.0,1.9683267068357275,0.3869691,14.965746351275913
3.5,0.125,1.9502589186401194,0.6162012,-13.820281918813063
3.5,0.25,2.0257930269385844,0.6612271000000001,-19.063006744459866
3.5,0.375,2.03123854461836,0.6647548,-19.351747215266066
3.5,0.5,2.039145993245418,0.65471,-18.06820987891577
3.5,0.625,2.0206138242462894,0.6379305000000001,-16.010543554754573
3.5,0.75,2.032329824561695,0.6180104,-13.610201854520652
3.5,0.875,2.0542344010800515,0.5967288,-11.093754622288468
3.5,1.0,2.0476675508208833,0.5726633,-8.24115801842759
3.5,1.125,2.0003404794985378,0.5494861,-5.50831550914247
3.5,1.25,2.052750298663858,0.5252255,-2.600739155479739
3.5,1.375,0.9566372744790413,0.5019473999999999,0.1915909996019605
3.5,1.5,1.7490024128516501,0.477776,3.1943817318282193
3.5,1.625,1.8968395186394373,0.4535438,6.2276473021161936
3.5,1.75,1.954830496090142,0.4294656,9.36482814593016
3.5,1.875,1.9507028672608075,0.4059573,12.515409436669684
3.5,2.0,1.9714657277860026,0.3847192,15.467871898714012
3.75,0.125,1.9949421540333203,0.6295991000000001,-15.520982182909686
3.75,0.25,2.058151688081302,0.6774303,-21.1466199769159
3.75,0.375,2.0545629911523786,0.6804460000000001,-21.356527650309744
3.75,0.5,2.0408563332626164,0.6676088,-19.69055114292753
3.75,0.625,2.023122636187976,0.6503387,-17.534499733176776
3.75,0.75,2.037065859180272,0.629048,-14.974250323789985
3.75,0.875,2.046077209461315,0.6054915,-12.158769753204252
3.75,1.0,2.0593371256980935,0.5815927,-9.30091397956871
3.75,1.125,2.003264987365349,0.5560858,-6.2591288812052905
3.75,1.25,1.9462462499868,0.5299733,-3.1536982799897073
3.75,1.375,1.0708913431704448,0.5043027,-0.021895190742653434
3.75,1.5,1.694755990974691,0.47959769999999996,3.036459281720864
3.75,1.625,1.9196826310395685,0.4551784,6.140797389221534
3.75,1.75,1.9304390455107028,0.4296628,9.512867385480172
3.75,1.875,1.9514088320215899,0.4054579,12.806474829926968
3.75,2.0,1.9735665522951837,0.38143540000000004,16.1902885762458
4.0,0.125,1.9998121198224177,0.6435868,-17.386543605180933
4.0,0.25,2.04780724006677,0.6938565,-23.323920954318893
4.0,0.375,2.038282138569778,0.6951516,-23.28674149056138
4.0,0.5,2.0250814244708666,0.6822005,-21.55202274821869
4.0,0.625,2.027360618676626,0.6622777000000001,-19.042019592880667
4.0,0.75,2.029990946371887,0.6397149,-16.293177314439117
4.0,0.875,2.0399564874079856,0.615328,-13.339494556402483
4.0,1.0,2.0600982529362692,0.5895833,-10.25201168771549
4.0,1.125,2.032765333044862,0.5630583,-7.0820807523353295
4.0,1.25,1.9833915693476314,0.5358455999999999,-3.8106913374538616
4.0,1.375,1.1391497916867173,0.5093533,-0.5897894450855287
4.0,1.5,1.7235456821522648,0.4826801,2.736063615093863
4.0,1.625,1.879884365960324,0.4556604,6.192930639534707
4.0,1.75,1.9105066885093935,0.42980870000000004,9.635767097272504
4.0,1.875,1.95686613982274,0.4041268,13.184460914178617
4.0,2.0,1.9620239796190395,0.379618,16.784642575451617
