Pe_w,Pf_Pe,alpha,back_frac
0.25,0.25,1.5226507528730393,0.49655900000000003
0.25,0.5,1.7069954720051228,0.4924671
0.25,0.75,1.8226661294933042,0.48942169999999996
0.25,1.0,1.9268616320559402,0.4854382
0.25,1.25,1.953143641331401,0.4816059
0.25,1.5,1.9547592593401084,0.47790889999999997
0.25,1.75,1.9714132709534535,0.4738921
0.25,2.0,1.9613865909242092,0.4698577
0.25,2.25,1.9727526153599397,0.46544650000000004
0.25,2.5,1.9926655344104864,0.46148089999999997
0.25,2.75,1.9903748430491333,0.4572845
0.25,3.0,1.9898730680260543,0.45361470000000004
0.25,3.25,1.9819407561209468,0.4486207
0.25,3.5,1.9969064581847686,0.4450987
0.25,3.75,1.9895035054262544,0.4394706
0.25,4.0,1.9839232125425053,0.4362591
0.5,0.25,1.243787951483029,0.4951839
0.5,0.5,1.5205243227905652,0.4898289
0.5,0.75,1.8464914573842035,0.4840614
0.5,1.0,1.890132339943706,0.4790735
0.5,1.25,1.857463415245804,0.4718402
0.5,1.5,1.8895067841152886,0.4649103
0.5,1.75,1.9606801219342624,0.457582
0.5,2.0,1.9595945668990933,0.448144
0.5,2.25,1.962918547368586,0.43955489999999997
0.5,2.5,1.9753203931618963,0.43040809999999996
0.5,2.75,1.989672643374007,0.42214209999999996
0.5,3.0,2.002483158439949,0.41320379999999995
0.5,3.25,2.004557702839696,0.40359550000000005
0.5,3.5,2.0009911345893068,0.3942983
0.5,3.75,2.0022821794224046,0.38562620000000003
0.5,4.0,2.006931743621871,0.37604010000000004
0.75,0.25,1.0357040529934447,0.49624029999999997
0.75,0.5,1.3542227727388783,0.4926419
0.75,0.75,1.6869692589304248,0.4856436
0.75,1.0,1.8867772738258826,0.47716089999999994
0.75,1.25,1.8245056002283846,0.4676054
0.75,1.5,1.9591179937076313,0.4558871
0.75,1.75,1.9845528945505633,0.4434157
0.75,2.0,1.9630881457705953,0.4301521
0.75,2.25,1.9734239290014675,0.4176763
0.75,2.5,1.9888917068981034,0.4030524
0.75,2.75,1.9893776924469049,0.38862129999999995
0.75,3.0,1.99742909938442,0.3748901
0.75,3.25,2.000550774225199,0.3606787
0.75,3.5,1.9916749235922988,0.34733220000000004
0.75,3.75,1.9937717136075914,0.3340956
0.75,4.0,1.996724022171136,0.3208019
1.0,0.25,1.0571452821907308,0.5007077
1.0,0.5,0.9948535190056164,0.4988965
1.0,0.75,1.410378590939345,0.49064080000000004
1.0,1.0,1.7591600326993164,0.4797578
1.0,1.25,1.9068465335628464,0.4657507
1.0,1.5,1.93854929151193,0.4492048
1.0,1.75,1.9398283984969173,0.4315228
1.0,2.0,1.9887490297809443,0.41357099999999997
1.0,2.25,1.984851913521955,0.394745
1.0,2.5,1.9877415510954997,0.3758657
1.0,2.75,1.9920995945407547,0.35773449999999996
1.0,3.0,1.997389166148949,0.3391204
1.0,3.25,1.9910699728302648,0.3213509
1.0,3.5,1.99952721176859,0.30393560000000003
1.0,3.75,1.9959389012412856,0.28720419999999997
1.0,4.0,1.996433717439141,0.2699264
1.25,0.25,1.1466087420348496,0.5064285
1.25,0.5,1.2749713497270547,0.5063802
1.25,0.75,0.9247182555501606,0.4980849
1.25,1.0,1.751572557777561,0.48333800000000005
1.25,1.25,1.9279780456144389,0.4645132
1.25,1.5,1.966872043655032,0.44252129999999995
1.25,1.75,1.9769502443162503,0.4202336
1.25,2.0,1.9809817004284633,0.3975726
1.25,2.25,1.995905598752305,0.3737067
1.25,2.5,1.9882102928647074,0.351005
1.25,2.75,1.9996037853688986,0.32890339999999996
1.25,3.0,1.9997542182537087,0.3060644
1.25,3.25,2.004434010909945,0.2860075
1.25,3.5,1.99588614766107,0.2649323
1.25,3.75,1.997048495007404,0.2447403
1.25,4.0,1.995541141763632,0.22590220000000003
1.5,0.25,1.4491392473809441,0.513078
1.5,0.5,1.5791413531356828,0.5163131
1.5,0.75,1.263533910199872,0.5056508000000001
1.5,1.0,1.494816114188312,0.486906
1.5,1.25,1.8843080745239027,0.46292720000000004
1.5,1.5,1.9616667130959091,0.4366161
1.5,1.75,1.9743839948227742,0.4102442
1.5,2.0,1.9920309516457013,0.38137580000000004
1.5,2.25,1.9959085289812022,0.3548074
1.5,2.5,1.9972553949900382,0.3279051
1.5,2.75,1.9949204788986583,0.30142389999999997
1.5,3.0,1.9941178360093064,0.2763762
1.5,3.25,2.0042645689658705,0.25212049999999997
1.5,3.5,2.000589456224687,0.2295058
1.5,3.75,1.9920813754737474,0.20855680000000001
1.5,4.0,1.998779002845987,0.1887368
1.75,0.25,1.60740954970281,0.523188
1.75,0.5,1.8444093291109607,0.5289144
1.75,0.75,1.6884586397933654,0.5139322000000001
1.75,1.0,1.2621873014371046,0.49106769999999994
1.75,1.25,1.897265953509833,0.4624178
1.75,1.5,1.9398982070379942,0.4311112
1.75,1.75,1.9787698498743396,0.3998232
1.75,2.0,1.9879808603584592,0.3674468
1.75,2.25,1.9999695502396524,0.3357123
1.75,2.5,1.9861699090287828,0.3053512
1.75,2.75,2.000986657320756,0.2757409
1.75,3.0,1.9941904144787452,0.2491006
1.75,3.25,2.000823556140804,0.2231146
1.75,3.5,1.9972999424925144,0.1990842
1.75,3.75,1.997906280486147,0.1774079
1.75,4.0,2.0011755174137185,0.157104
2.0,0.25,1.737146155522723,0.5348052
2.0,0.5,1.9178416128030222,0.5414528
2.0,0.75,1.9721271154028028,0.5246323
2.0,1.0,1.2632613419123306,0.4952053
2.0,1.25,1.9122809669966725,0.46130730000000003
2.0,1.5,1.977833156107634,0.4252738
2.0,1.75,1.9810848644811787,0.38875269999999995
2.0,2.0,1.9926268256082955,0.3525572
2.0,2.25,1.9940417052516197,0.3184234
2.0,2.5,1.9960500967363055,0.2850208
2.0,2.75,1.997720929891934,0.2532752
2.0,3.0,1.998331367759491,0.22366950000000002
2.0,3.25,1.9992569942574032,0.1971201
2.0,3.5,1.9995971819326073,0.17265619999999998
2.0,3.75,2.0022093692274985,0.1507051
2.0,4.0,1.9984383575037639,0.1309895
2.25,0.25,1.885298160894354,0.5481819
2.25,0.5,2.0017904699511435,0.5539687
2.25,0.75,1.984656433799078,0.5334238
2.25,1.0,0.8649198008679622,0.4986346
2.25,1.25,1.889020193534387,0.4605136
2.25,1.5,1.9872307757895604,0.4194175
2.25,1.75,1.9880419123933155,0.37874389999999997
2.25,2.0,1.9831876214238837,0.33882660000000003
2.25,2.25,1.9978449532398044,0.3009602
2.25,2.5,1.9954992221086594,0.2648812
2.25,2.75,1.997762912838014,0.2317693
2.25,3.0,2.00024337299361,0.2018373
2.25,3.25,1.9969564037099516,0.17411790000000002
2.25,3.5,1.9982017079777064,0.1498477
2.25,3.75,2.000597075459124,0.1284526
2.25,4.0,1.9988458576395434,0.1094583
2.5,0.25,1.9295771105981059,0.5613062999999999
2.5,0.5,1.9899626860453068,0.567325
2.5,0.75,2.096537654842255,0.5415672
2.5,1.0,1.164429757386718,0.5034644
2.5,1.25,1.9274377631669966,0.45913050000000005
2.5,1.5,1.9873690689791186,0.4134668
2.5,1.75,1.9884677836594957,0.3684368
2.5,2.0,1.9949893126336726,0.3255338
2.5,2.25,1.9990612721072252,0.28455389999999997
2.5,2.5,1.9942616197425447,0.2467518
2.5,2.75,1.9950292561787164,0.21241419999999997
2.5,3.0,2.001337302832012,0.18184630000000002
2.5,3.25,1.9991389783297873,0.1541302
2.5,3.5,1.999905687563449,0.1304858
2.5,3.75,1.9990306403938136,0.1095999
2.5,4.0,2.0012338755763572,0.0926374
2.75,0.25,1.9977881859087603,0.5773133
2.75,0.5,2.052868881709494,0.5822151999999999
2.75,0.75,2.072093208230933,0.5502425
2.75,1.0,1.3407234409760926,0.5066168
2.75,1.25,1.9157364975461224,0.457814
2.75,1.5,1.9813960550347764,0.4083614
2.75,1.75,1.9811222529721242,0.3584324
2.75,2.0,1.9934470490048262,0.3124105
2.75,2.25,2.000816627878508,0.2696586
2.75,2.5,1.9979694041521923,0.23012900000000003
2.75,2.75,1.9989483257119247,0.1939244
2.75,3.0,2.0046398646711414,0.1642249
2.75,3.25,1.999376335370891,0.1366333
2.75,3.5,2.00069383487052,0.1143012
2.75,3.75,1.9985380818179466,0.0948
2.75,4.0,1.9994965919824956,0.0783048
3.0,0.25,2.013838198100837,0.5914126000000001
3.0,0.5,2.0181457259144007,0.5965441
3.0,0.75,2.052977374517315,0.559973
3.0,1.0,1.671069323585616,0.510246
3.0,1.25,1.9080120341303204,0.45644440000000003
3.0,1.5,1.9849178349884746,0.4025926
3.0,1.75,1.9935014042749966,0.3496724
3.0,2.0,1.9911493290123576,0.2997244
3.0,2.25,1.9913943004093388,0.2546148
3.0,2.5,1.9993154498240577,0.21379009999999998
3.0,2.75,1.9969959004266415,0.17853919999999998
3.0,3.0,2.0004840537338335,0.1477737
3.0,3.25,1.9984896013282785,0.1213294
3.0,3.5,2.000149560962838,0.0999483
3.0,3.75,2.002200816662021,0.0817851
3.0,4.0,2.00086540560185,0.0666875
3.25,0.25,2.01135609336462,0.6075458
3.25,0.5,2.0520711627684554,0.6083851
3.25,0.75,2.0248139746791884,0.5679404
3.25,1.0,1.9648815216071027,0.5136374
3.25,1.25,1.9070317962406997,0.45414309999999997
3.25,1.5,1.968735504107562,0.39630309999999996
3.25,1.75,1.9832662092624014,0.3396649
3.25,2.0,1.9926629742151045,0.2874809
3.25,2.25,1.9988677104799786,0.2406868
3.25,2.5,1.9940041734638487,0.1990844
3.25,2.75,1.9988385882055681,0.1638843
3.25,3.0,1.9990521794813523,0.1329821
3.25,3.25,2.0011320676962945,0.1088739
3.25,3.5,2.0001443424810197,0.0879199
3.25,3.75,2.0024478910117516,0.07124810000000001
3.25,4.0,1.9992865174057142,0.057794399999999996
3.5,0.25,2.0251801419455773,0.622965
3.5,0.5,2.0354107482849644,0.6211774
3.5,0.75,2.037406438023312,0.5760673000000001
3.5,1.0,2.016891072966672,0.5166109
3.5,1.25,1.9260752101057381,0.45326279999999997
3.5,1.5,1.985662952711471,0.3904305
3.5,1.75,1.9917314077844674,0.3310112
3.5,2.0,1.99405771713502,0.2764411
3.5,2.25,1.9965332705617203,0.227885
3.5,2.5,1.9945058360574832,0.1861998
3.5,2.75,1.9967835574753339,0.1507922
3.5,3.0,1.9978124257086063,0.121054
3.5,3.25,2.0020688608053194,0.09741520000000001
3.5,3.5,1.9973988333613477,0.0778923
3.5,3.75,2.0005725415428186,0.0622013
3.5,4.0,2.0005750936157267,0.0506142
3.75,0.25,2.004610234779027,0.6385172
3.75,0.5,2.0381903059401028,0.6345301999999999
3.75,0.75,2.0530776467706855,0.5836596
3.75,1.0,2.041112690513171,0.5200888
3.75,1.25,1.9345518003156095,0.45207480000000005
3.75,1.5,1.9795175128043236,0.38474480000000005
3.75,1.75,1.9959789019113203,0.3221199
3.75,2.0,1.9982067015639056,0.2650904
3.75,2.25,1.9976541162981147,0.21530259999999998
3.75,2.5,1.9960450303846968,0.173702
3.75,2.75,2.0024014167401853,0.13844299999999998
3.75,3.0,1.9976143358780871,0.1106662
3.75,3.25,1.9991187055025166,0.0879374
3.75,3.5,1.997167087795239,0.06992319999999999
3.75,3.75,2.0010435641865367,0.055046099999999994
3.75,4.0,1.9983288177570093,0.043975299999999995
4.0,0.25,2.0103308870345318,0.6556021000000001
4.0,0.5,2.04728094791171,0.6473682
4.0,0.75,2.037148167396384,0.5911882
4.0,1.0,2.068401786318327,0.5226858
4.0,1.25,1.9197233500385953,0.45043059999999996
4.0,1.5,1.9786582623169164,0.3787704
4.0,1.75,1.9916081573040465,0.3134585
4.0,2.0,1.9938599332412787,0.2545215
4.0,2.25,1.9988061186009527,0.2048253
4.0,2.5,1.9963439774169938,0.1625852
4.0,2.75,1.9997483699724699,0.1282916
4.0,3.0,1.999195689614993,0.10099790000000002
4.0,3.25,1.9967713110246856,0.0796611
4.0,3.5,1.9973906425612296,0.06251029999999999
4.0,3.75,1.9994626807005687,0.049148000000000004
4.0,4.0,1.999353870159778,0.0390932
