lp_w,Pf_Ps,alpha,trap_frac,mean_vx
0.25,0.125,1.1561242875926596,0.10612,207.01884274248894
0.25,0.25,1.3236066944957214,0.10582,369.3800557423497
0.25,0.375,1.569568275430571,0.10112,565.3599783756167
0.25,0.5,1.7377038185392506,0.0954,761.7960556404278
0.25,0.625,1.7355874699131555,0.09154,949.6483277202449
0.25,0.75,1.8271572567685916,0.08622,1169.0410620070566
0.25,0.875,1.8540610269716091,0.08124,1348.6990859926527
0.25,1.0,1.8901104372100628,0.07452,1564.2987350498188
0.25,1.125,1.9359859280691358,0.06974,1746.1080460371434
0.25,1.25,1.8922946359145154,0.06268,1946.6656010733896
0.25,1.375,1.92519945977522,0.05764,2182.826470272108
0.25,1.5,1.9444470682276036,0.05238,2370.6811936462236
0.25,1.625,1.946461603761046,0.04748,2589.665742548752
0.25,1.75,1.9568437810147523,0.042,2818.86543919231
0.25,1.875,1.9300755202886584,0.03524,3025.497840568003
0.25,2.0,1.9602011647098092,0.03208,3233.6670355411684
0.5,0.125,1.1048905604318422,0.19586,183.17155714574204
0.5,0.25,1.1269068432971303,0.20152,379.9761407431544
0.5,0.375,1.3269187803652591,0.19852,582.5312022780075
0.5,0.5,1.489567539563121,0.20196,823.9874888048623
0.5,0.625,1.576301051138558,0.19224,1045.6537540702352
0.5,0.75,1.6744050672721829,0.18298,1312.0251472359314
0.5,0.875,1.7323108831315515,0.1756,1622.2449264015445
0.5,1.0,1.8543352199858134,0.15542,1970.231152140913
0.5,1.125,1.8789854042989202,0.14216,2296.1292131130044
0.5,1.25,1.8758909585057066,0.12346,2697.1899591964793
0.5,1.375,1.8790079621261757,0.10484,3063.0940300693755
0.5,1.5,1.9140750776780826,0.08804,3442.9258689516823
0.5,1.625,1.9235532958814943,0.07378,3915.162662666533
0.5,1.75,1.9304367657696597,0.058,4323.120115087658
0.5,1.875,1.9570701096782916,0.04382,4730.435283291199
0.5,2.0,1.947820568657333,0.0334,5224.402426267055
0.75,0.125,1.0030787768345402,0.27034,-64.17030793803018
0.75,0.25,1.0849677521473875,0.28268,-0.07057070006461465
0.75,0.375,1.0093906836516204,0.29586,56.9902428476428
0.75,0.5,1.0605015178119823,0.29752,255.66136829737923
0.75,0.625,1.2561508874582663,0.28946,501.154017051485
0.75,0.75,1.4013155297111337,0.27722,873.2824615126324
0.75,0.875,1.422076649569524,0.25992,1184.143505299713
0.75,1.0,1.6621848599603417,0.23854,1630.6738310213518
0.75,1.125,1.759761710888593,0.2112,2132.3163763744546
0.75,1.25,1.8909336116553899,0.1783,2787.2526904818396
0.75,1.375,1.8619536893036162,0.1491,3355.8352563210265
0.75,1.5,1.8761491838289226,0.11766,4024.8748450365483
0.75,1.625,1.9318138189588512,0.09512,4644.3556591458355
0.75,1.75,1.9312379389161611,0.06964,5361.853148973235
0.75,1.875,1.9456719121489325,0.04884,6091.978996817463
0.75,2.0,1.9511004230230917,0.03226,6762.547233993523
1.0,0.125,1.0839239240250709,0.3255,-480.7723420884141
1.0,0.25,1.3248087608345571,0.3519,-836.7918868896581
1.0,0.375,1.3352207144067487,0.376,-968.5654893203836
1.0,0.5,1.3819677340905852,0.37364,-814.2562889108793
1.0,0.625,1.2738248535205272,0.36814,-603.2176652701066
1.0,0.75,1.0401618224101148,0.3542,-214.54783201113898
1.0,0.875,0.9873988899869174,0.32894,372.3343184372833
1.0,1.0,1.3614991893592987,0.29694,1012.0002395697255
1.0,1.125,1.6845333630609511,0.26122,1678.7985407943595
1.0,1.25,1.7337256749813275,0.2208,2575.06194619122
1.0,1.375,1.8374321890294432,0.18128,3402.1346636209464
1.0,1.5,1.8643292300208478,0.1443,4291.990742987708
1.0,1.625,1.9280480965159355,0.1143,5141.210648751437
1.0,1.75,1.9318867587161992,0.07952,6128.923245922451
1.0,1.875,1.9463502058631617,0.0539,7124.065859659089
1.0,2.0,1.9584831395738795,0.03204,8051.620050268657
1.25,0.125,1.2931378664987554,0.3695,-1026.0449212510118
1.25,0.25,1.5341961299291986,0.4048,-1761.4654944553029
1.25,0.375,1.7539169885292694,0.4346,-2224.8460322965984
1.25,0.5,1.7822845397692961,0.4409,-2287.569898958776
1.25,0.625,1.7950894508484854,0.43302,-1988.2667180136789
1.25,0.75,1.6532568430052519,0.41164,-1381.960274807087
1.25,0.875,1.3167857095593805,0.3771,-682.5318153510749
1.25,1.0,0.9891080891851863,0.3354,194.55972070551078
1.25,1.125,1.4631239655624972,0.28746,1184.4940162184914
1.25,1.25,1.6536137218545766,0.24496,2166.8163258234454
1.25,1.375,1.7659314531387524,0.19898,3283.0722522258807
1.25,1.5,1.880486636835908,0.1572,4443.643042306509
1.25,1.625,1.9315015053516202,0.12264,5531.116023997703
1.25,1.75,1.9209131838976035,0.08622,6723.593443606729
1.25,1.875,1.9555521261717117,0.05982,7920.6267739040895
1.25,2.0,1.9571055961028287,0.03398,9206.85580121337
1.5,0.125,1.4234322207207784,0.4044,-1763.641729666321
1.5,0.25,1.7616381711212012,0.45654,-3181.9418375312744
1.5,0.375,1.8797795030224775,0.48346,-3862.6974256473054
1.5,0.5,1.957684160390044,0.4883,-3925.862061602512
1.5,0.625,1.9506024160210367,0.4771,-3501.3959604208626
1.5,0.75,1.948753931596512,0.45252,-2783.533239131157
1.5,0.875,1.8173631106633206,0.41262,-1808.8751816637105
1.5,1.0,1.3050494918483,0.36194,-719.5421267045057
1.5,1.125,1.036233279546567,0.30352,466.93042120633
1.5,1.25,1.6237483641166104,0.24824,1788.8349228515815
1.5,1.375,1.7840359064874944,0.20516,3017.050153545022
1.5,1.5,1.8553752198431397,0.16296,4405.42040111117
1.5,1.625,1.9195339596345529,0.125,5799.800671566988
1.5,1.75,1.926884492712212,0.09446,7203.511954602525
1.5,1.875,1.952239832251181,0.06102,8611.886534724112
1.5,2.0,1.9570475604317854,0.0341,10108.795466804651
1.75,0.125,1.5498331691754503,0.44036,-2805.7197417848206
1.75,0.25,1.8859071698994327,0.50046,-4795.7108500508775
1.75,0.375,1.9862147577872384,0.52436,-5610.4174419911205
1.75,0.5,2.015868539309423,0.52754,-5690.405867468934
1.75,0.625,1.998980858004208,0.50358,-5055.680579892451
1.75,0.75,2.024238338924521,0.48236,-4118.436560789756
1.75,0.875,1.9497259339968942,0.44398,-2897.581291108345
1.75,1.0,1.7794850177865642,0.38838,-1617.6486948058118
1.75,1.125,0.9375940142164583,0.32368,-222.78655791906115
1.75,1.25,1.4210431983890133,0.25564,1289.8626769156044
1.75,1.375,1.7549142937781832,0.20228,2838.936642392115
1.75,1.5,1.8878138030083684,0.16112,4323.471396565198
1.75,1.625,1.8960509887696362,0.12488,5972.825423563733
1.75,1.75,1.9411005532536545,0.09202,7655.169162343221
1.75,1.875,1.933729045995624,0.0604,9265.813622552347
1.75,2.0,1.9565237284702062,0.0353,10976.866162123299
2.0,0.125,1.6496491967391946,0.46254,-3719.071350983255
2.0,0.25,1.942609521770861,0.53342,-6416.584521242034
2.0,0.375,2.017680466264313,0.55382,-7596.741415312345
2.0,0.5,2.030492183804212,0.55038,-7435.212332880261
2.0,0.625,2.0371332627678704,0.52724,-6613.053058181863
2.0,0.75,2.053157466031135,0.50706,-5471.713365761155
2.0,0.875,2.01864248370914,0.4686,-4082.238527726327
2.0,1.0,1.930142162664195,0.42108,-2584.5203772446616
2.0,1.125,1.4295722365560561,0.34786,-891.6901910528132
2.0,1.25,1.1475467257718075,0.2677,721.0861738842124
2.0,1.375,1.7134803430911805,0.20204,2442.243861003035
2.0,1.5,1.8489429293250543,0.1541,4243.780085446615
2.0,1.625,1.8988347980188034,0.11996,6120.55833410156
2.0,1.75,1.9321725623475696,0.0915,7887.033453636502
2.0,1.875,1.932736795251867,0.06072,9783.093234581935
2.0,2.0,1.955831155005005,0.03572,11716.220747043113
2.25,0.125,1.7821491845942872,0.49412,-5325.616872288164
2.25,0.25,1.9647488851726698,0.56722,-8518.587371956623
2.25,0.375,2.009487842317823,0.5813,-9401.526626139283
2.25,0.5,2.0358421890264378,0.5699,-9244.62749359447
2.25,0.625,2.0393688296547676,0.5457,-8183.619654825423
2.25,0.75,2.049011116022564,0.5196,-6826.176754351702
2.25,0.875,2.0344384304886742,0.48878,-5236.079561403684
2.25,1.0,2.0176117437943035,0.4456,-3497.8057909654963
2.25,1.125,1.7837805763126873,0.37802,-1707.0223315720982
2.25,1.25,0.7965428359222158,0.29062,124.52963220709434
2.25,1.375,1.5821797187556697,0.2058,2124.7229364659
2.25,1.5,1.838820413680927,0.15104,4064.533089093098
2.25,1.625,1.9264394140174832,0.1146,6116.434596645851
2.25,1.75,1.9439687749298862,0.0858,8197.906474555342
2.25,1.875,1.9391849555992486,0.06044,10289.974189280943
2.25,2.0,1.962077195007777,0.03566,12427.003702253929
2.5,0.125,1.8262240428230945,0.51838,-6694.0902389744315
2.5,0.25,2.0146336513413026,0.58818,-10384.093216470113
2.5,0.375,2.049687105919186,0.59688,-11441.685491812968
2.5,0.5,2.044907947343277,0.58058,-10981.36002144118
2.5,0.625,2.054561291421436,0.5598,-9838.736217779984
2.5,0.75,2.040058070237274,0.53096,-8255.506088641452
2.5,0.875,2.043286488465368,0.50362,-6363.6068506024185
2.5,1.0,2.0320204239387496,0.46652,-4466.25872838796
2.5,1.125,1.945868257856149,0.40564,-2478.366613803329
2.5,1.25,1.053148011271734,0.31188,-379.2411517097968
2.5,1.375,1.5425469068711921,0.21718,1771.9384035114253
2.5,1.5,1.821820350154924,0.14732,3966.630026412021
2.5,1.625,1.8974619609561563,0.10716,6233.777357222339
2.5,1.75,1.9446516560842708,0.08056,8434.849714459218
2.5,1.875,1.9324822196598133,0.05602,10814.77868326141
2.5,2.0,1.958281923952872,0.03542,13025.068099075752
2.75,0.125,1.8818249659884616,0.54076,-8246.265397803707
2.75,0.25,2.022022714410388,0.60884,-12483.453366900027
2.75,0.375,2.032610641750658,0.61052,-13424.96193782329
2.75,0.5,2.038195512592135,0.58776,-12763.173136221669
2.75,0.625,2.0405831335943554,0.56376,-11334.347595477195
2.75,0.75,2.037047964668653,0.54116,-9555.234999350292
2.75,0.875,2.048358844191175,0.51676,-7576.32011542958
2.75,1.0,2.033732029217703,0.48232,-5430.166170112834
2.75,1.125,2.0186632659865182,0.42636,-3254.929536768501
2.75,1.25,1.4960187867527386,0.34394,-958.9010229822339
2.75,1.375,1.3914588943335653,0.24004,1316.2518563021588
2.75,1.5,1.798860144824276,0.15172,3777.1350604575036
2.75,1.625,1.9010578281667212,0.10428,6237.214450480173
2.75,1.75,1.942662804785584,0.07636,8660.220747000756
2.75,1.875,1.9432355319370398,0.05212,11217.549034281044
2.75,2.0,1.9637033279567546,0.03286,13763.657554605019
3.0,0.125,1.8873607787095905,0.55954,-9772.79758349375
3.0,0.25,2.038943514880679,0.62586,-14635.718123107265
3.0,0.375,2.0555175606811167,0.62094,-15432.031330857108
3.0,0.5,2.0548805877096457,0.59578,-14551.837360144458
3.0,0.625,2.035877443652682,0.5687,-12915.461411592714
3.0,0.75,2.0475209477365706,0.55228,-10934.786996914163
3.0,0.875,2.05819885111117,0.5251,-8729.399669300776
3.0,1.0,2.0548984710520606,0.49464,-6395.701968783611
3.0,1.125,1.9963157580795363,0.44644,-4008.5643461872496
3.0,1.25,1.769384939049319,0.36334,-1517.72974289912
3.0,1.375,1.2659986647296673,0.26174,992.5363864684477
3.0,1.5,1.7838078132225215,0.16092,3604.3206501251816
3.0,1.625,1.8922396955279894,0.09768,6279.873903683193
3.0,1.75,1.9281437401569077,0.06994,8933.525430552936
3.0,1.875,1.9599647567752247,0.04924,11640.369789652272
3.0,2.0,1.956896728189909,0.03142,14354.86069970649
3.25,0.125,1.9166178672853198,0.582,-11694.9037289145
3.25,0.25,2.0350636838667064,0.63738,-16775.07070948524
3.25,0.375,2.037399130658441,0.62848,-17425.37866005673
3.25,0.5,2.043865878110233,0.60566,-16244.750803361134
3.25,0.625,2.03162313027392,0.57506,-14459.17879300256
3.25,0.75,2.0489993724397313,0.55578,-12272.147890096132
3.25,0.875,2.038771991001701,0.5293,-9830.960927130642
3.25,1.0,2.035985291395318,0.50334,-7399.3817760855945
3.25,1.125,2.0172356136985545,0.45628,-4813.696013591738
3.25,1.25,1.9060396061115084,0.37768,-2156.8809701805953
3.25,1.375,1.0630385558481683,0.2821,616.412875525145
3.25,1.5,1.7177999447018575,0.17584,3392.6975407302784
3.25,1.625,1.8926858732300988,0.09874,6247.588784395544
3.25,1.75,1.933921120259241,0.0671,9069.71838382262
3.25,1.875,1.9430147511585198,0.04724,12061.33512803824
3.25,2.0,1.970022264329558,0.02888,15009.12489889035
3.5,0.125,1.9665201237862695,0.59906,-13730.80132591938
3.5,0.25,2.036759305264838,0.64638,-18910.256314726415
3.5,0.375,2.04071010282022,0.63364,-19322.93423326048
3.5,0.5,2.034612737093126,0.60244,-18079.35624461956
3.5,0.625,2.0372139804133913,0.57834,-15966.365182320042
3.5,0.75,2.0350979714437343,0.55844,-13596.125667101436
3.5,0.875,2.036139205925565,0.53816,-11057.579093136386
3.5,1.0,2.0465329189101324,0.5128,-8339.10469972179
3.5,1.125,2.0252123020284225,0.46664,-5536.355777114947
3.5,1.25,1.9378807145707437,0.3904,-2678.1480025691567
3.5,1.375,0.8821815226058058,0.29596,269.34692765504104
3.5,1.5,1.7283351334989077,0.19306,3189.8780375383244
3.5,1.625,1.8967959705448376,0.10332,6219.68381569645
3.5,1.75,1.9399742974657828,0.06338,9338.059601863139
3.5,1.875,1.9491012798035385,0.0442,12496.095889674358
3.5,2.0,1.9605124698187868,0.0274,15563.428046495721
3.75,0.125,1.976925747393218,0.61658,-15602.325338516403
3.75,0.25,2.031552707908208,0.65484,-21126.464021821987
3.75,0.375,2.036070192721889,0.63356,-21379.54199577527
3.75,0.5,2.0376677872131013,0.60176,-19727.039288158554
3.75,0.625,2.029980932353305,0.58064,-17525.30831066083
3.75,0.75,2.0362138097536233,0.56084,-14978.085263543382
3.75,0.875,2.04183594343936,0.5405,-12172.442586654433
3.75,1.0,2.047114837462058,0.51994,-9281.846314027745
3.75,1.125,2.0497146424499673,0.4817,-6299.748116499357
3.75,1.25,1.995088152502719,0.40114,-3289.038069086427
3.75,1.375,0.9735814601526149,0.31232,-195.05944367066007
3.75,1.5,1.7237161592105288,0.20542,3067.3623304071148
3.75,1.625,1.886532059146012,0.10928,6270.208171645768
3.75,1.75,1.9353088106192384,0.06048,9505.985679704441
3.75,1.875,1.948086886535836,0.0422,12777.73664038353
3.75,2.0,1.9642065298764873,0.0269,16164.25333272549
4.0,0.125,1.9954401132102937,0.6282,-17642.276843736316
4.0,0.25,2.0330361354814332,0.665,-23334.110079323815
4.0,0.375,2.03242852584076,0.63826,-23300.621163490516
4.0,0.5,2.0299129552071746,0.6073,-21504.889327934758
4.0,0.625,2.042416174261333,0.58192,-19023.39777637298
4.0,0.75,2.0336215503185184,0.55988,-16301.93394271368
4.0,0.875,2.049763003420994,0.5459,-13352.939973761253
4.0,1.0,2.0293951284023937,0.52628,-10272.165061627624
4.0,1.125,2.0463434358354693,0.49058,-7122.534047042332
4.0,1.25,2.00759682135524,0.41276,-3852.5178244240715
4.0,1.375,1.1274058060122965,0.31446,-520.0035947409119
4.0,1.5,1.6923520177459028,0.21956,2858.7326547658695
4.0,1.625,1.8854524928942777,0.11764,6281.143887834756
4.0,1.75,1.9324550052305383,0.05904,9732.496848118077
4.0,1.875,1.9551783447899798,0.03684,13162.043626873712
4.0,2.0,1.9706300851474947,0.02296,16801.89243710235
