lp_w,Pf_Ps,alpha,trap_frac,mean_vx
0.25,0.125,1.075007701855757,0.11154824,0.19109275780622087
0.25,0.25,1.3935457253522774,0.10939462,0.407706588572907
0.25,0.375,1.6064529106761427,0.1098675,0.5994599874923028
0.25,0.5,1.6887531447104827,0.10991444,0.8037274324119328
0.25,0.625,1.8106124362945026,0.10959456,1.0220893024949103
0.25,0.75,1.8442114567031946,0.10776546,1.2147294264319795
0.25,0.875,1.8648398937541466,0.10841974,1.4346451972188827
0.25,1.0,1.8936004367120192,0.10730958,1.642843538161677
0.25,1.125,1.9066453661946199,0.10489394,1.8375643108353037
0.25,1.25,1.9253001952925217,0.10348818,2.0688989181523154
0.25,1.375,1.941867786076155,0.10216076,2.28362495728346
0.25,1.5,1.9557574273692628,0.1024355,2.493667002505087
0.25,1.625,1.965072632091007,0.10079904,2.7245351165265763
0.25,1.75,1.9447475727931578,0.09897204,2.9541361967003614
0.25,1.875,1.9625451875162327,0.09858826,3.1687916174827886
0.25,2.0,1.9487881863215766,0.09638314,3.3822346305861815
0.5,0.125,1.105922465389279,0.19200218,0.21266764613527425
0.5,0.25,1.252198642916279,0.18984276,0.5048396161708019
0.5,0.375,1.4764282999404286,0.18608474,0.8087064554075467
0.5,0.5,1.5744603674321884,0.18368508,1.0755549404424198
0.5,0.625,1.7373862434365965,0.18052924,1.3972553763821083
0.5,0.75,1.783062011734491,0.1766602,1.6997797033215463
0.5,0.875,1.80390658204626,0.17312294,2.012829652488116
0.5,1.0,1.8966933232893437,0.16632472,2.3868001410988047
0.5,1.125,1.9130065191090508,0.15987248,2.7626184933461166
0.5,1.25,1.9383269856589724,0.15573658,3.1298284602334596
0.5,1.375,1.9218664612264997,0.15205894,3.584024539207418
0.5,1.5,1.9343262592058381,0.14733672,3.9675455537125
0.5,1.625,1.938315701343137,0.14083378,4.413067572211078
0.5,1.75,1.9477628429420877,0.13650408,4.865231517046033
0.5,1.875,1.9599198781970895,0.13070538,5.321653234358088
0.5,2.0,1.960797466502206,0.12661496,5.809537942820568
0.75,0.125,0.9745904708416087,0.24799774,0.16855106585558235
0.75,0.25,1.1233060449895766,0.2441823,0.34615352177899883
0.75,0.375,1.216535608340583,0.2393241,0.603574099345106
0.75,0.5,1.310094893401911,0.23286026,0.8659765794843464
0.75,0.625,1.5235709135282143,0.22355832,1.2017813733366463
0.75,0.75,1.5955082926296145,0.2152757,1.5897674943515252
0.75,0.875,1.7383957443677236,0.2071547,2.074974952416614
0.75,1.0,1.839239376969514,0.19474874,2.5494182716123057
0.75,1.125,1.8481535411608314,0.18636224,3.084909711704293
0.75,1.25,1.9179744339304405,0.17708488,3.681269805883086
0.75,1.375,1.907424677199536,0.16830266,4.295845782273264
0.75,1.5,1.9404023514407738,0.16006498,5.001832949267351
0.75,1.625,1.9458542599477011,0.15215672,5.7026804991631295
0.75,1.75,1.9707283107517573,0.14510196,6.399494630347991
0.75,1.875,1.9728938346512852,0.1376176,7.164746790126557
0.75,2.0,1.9804717985544364,0.13080954,7.959260388581884
1.0,0.125,0.9516913107430428,0.28531912,-0.03604515642638563
1.0,0.25,0.9365811888019256,0.28103868,0.004636736650716923
1.0,0.375,0.9355786748161761,0.27022568,0.0920925601146489
1.0,0.5,0.9763643949397209,0.259646,0.2654467470702011
1.0,0.625,1.270756760110536,0.24761744,0.600468026918634
1.0,0.75,1.4730940606882446,0.23340888,1.081254141263109
1.0,0.875,1.6497469406506973,0.22149514,1.6903152070817997
1.0,1.0,1.7603849785682872,0.20676672,2.357833073962514
1.0,1.125,1.8326746977154087,0.1947425,3.1164267061181365
1.0,1.25,1.9080821375311217,0.18409484,3.9716998792118416
1.0,1.375,1.915612237630575,0.17289812,4.859827900396537
1.0,1.5,1.9558553962697234,0.16252324,5.834809401553044
1.0,1.625,1.972726430524274,0.15202412,6.807102013165726
1.0,1.75,1.9745803011128087,0.1439417,7.788790928077824
1.0,1.875,1.9813080817081763,0.13616338,8.880563825179058
1.0,2.0,1.9870526149049612,0.12845468,9.960296730136612
1.25,0.125,1.1481942692180342,0.31015472,-0.5378406633866019
1.25,0.25,1.1401414847502327,0.30217858,-0.7183644784357598
1.25,0.375,1.2139961390789251,0.29201306,-0.7946114012393755
1.25,0.5,1.1675863825731059,0.27571458,-0.6581259745022896
1.25,0.625,1.065525687541351,0.25859456,-0.2965088688457159
1.25,0.75,0.9795240711421348,0.24297138,0.3112900114153975
1.25,0.875,1.3536810083717168,0.22706084,1.0295260920666143
1.25,1.0,1.7180509314393315,0.21089326,1.966670938545145
1.25,1.125,1.832748634270505,0.19762568,3.013934305237553
1.25,1.25,1.8979422468908442,0.18358054,4.139014322550675
1.25,1.375,1.9276317625879824,0.17100544,5.330213357441515
1.25,1.5,1.9569234088198422,0.15874496,6.591572097410586
1.25,1.625,1.9721088549974743,0.14767946,7.881248330403704
1.25,1.75,1.9694782979464682,0.1401932,9.201163597515933
1.25,1.875,1.9779271933647324,0.13123702,10.618673890458558
1.25,2.0,1.9925231802697383,0.1240708,11.877141505855874
1.5,0.125,1.254919708048875,0.3300436,-0.9889906998805859
1.5,0.25,1.3403980877816872,0.31981756,-1.5215770090107024
1.5,0.375,1.528921004680545,0.30607624,-1.846721379162983
1.5,0.5,1.6340355922821888,0.28590676,-1.965108783443799
1.5,0.625,1.5481426101035676,0.26607078,-1.440703974741888
1.5,0.75,1.1445210151647018,0.2457262,-0.6221728615110863
1.5,0.875,1.1438302720183868,0.2273233,0.34562195139402074
1.5,1.0,1.564954402735629,0.21044908,1.5231881529303282
1.5,1.125,1.8302657188721634,0.19408918,2.8718647702717246
1.5,1.25,1.9069466894566498,0.17980572,4.266758706918629
1.5,1.375,1.9395105173782161,0.16756358,5.728031168108661
1.5,1.5,1.9449369410197894,0.15650708,7.3223029241744175
1.5,1.625,1.967025126298895,0.14556688,8.922576919
1.5,1.75,1.9815455660246222,0.13591876,10.54024924619652
1.5,1.875,1.9907218350476428,0.12747432,12.157649969736037
1.5,2.0,1.9882249402158945,0.11921016,13.881210159197886
1.75,0.125,1.2791516680501536,0.34294468,-1.4953833559634435
1.75,0.25,1.6306509557441973,0.33168138,-2.6619035476456023
1.75,0.375,1.786232687190956,0.31381142,-3.2025080957190246
1.75,0.5,1.835153456774945,0.29283542,-3.1653308737231756
1.75,0.625,1.8522780294385661,0.26922096,-2.5877575377209325
1.75,0.75,1.7020890825279829,0.2470277,-1.6420579628299772
1.75,0.875,1.1295001006926826,0.2272069,-0.3860817026312274
1.75,1.0,1.4699954837730396,0.20845732,1.0703644031223136
1.75,1.125,1.8054382990381854,0.19141398,2.6527663709959706
1.75,1.25,1.8982675614444322,0.17634388,4.40589030430942
1.75,1.375,1.9309490618025864,0.164023,6.194995074553213
1.75,1.5,1.962446830970569,0.15198914,8.056216429694325
1.75,1.625,1.9715521955534252,0.14174226,9.902910994806684
1.75,1.75,1.9861580513892367,0.1323215,11.887013637588115
1.75,1.875,1.9769170482596112,0.12324414,13.8186138257297
1.75,2.0,1.989341691933249,0.11539538,15.756842784647922
2.0,0.125,1.3411848387535505,0.35631056,-2.2561403243273745
2.0,0.25,1.7103817960708692,0.34535394,-4.047224694715896
2.0,0.375,1.8470257477979422,0.32339068,-4.748950073805838
2.0,0.5,1.952624032870894,0.2955807,-4.615730082639053
2.0,0.625,1.9589457997609834,0.2727111,-3.8944101051229714
2.0,0.75,1.9398409409155752,0.2473849,-2.698810893062545
2.0,0.875,1.6501647149077472,0.22610546,-1.1493089013172086
2.0,1.0,1.211508761172034,0.20529374,0.6131633935448868
2.0,1.125,1.7659374119110696,0.18928532,2.543032565280025
2.0,1.25,1.9185630262645355,0.1742742,4.510231568147477
2.0,1.375,1.9565790134300307,0.1602513,6.591255019236374
2.0,1.5,1.972660811105571,0.1488362,8.707594436207538
2.0,1.625,1.9748216345248477,0.13707742,10.93948669890397
2.0,1.75,1.982923032781183,0.12839988,13.177349541297698
2.0,1.875,1.9881672309327514,0.11956338,15.393563126713588
2.0,2.0,1.9881491205308415,0.11135948,17.748256363191228
2.25,0.125,1.5249082081831533,0.3671558,-3.2685958017909282
2.25,0.25,1.8261782794560402,0.35154018,-5.393674834405699
2.25,0.375,1.9548809415747765,0.32980626,-6.299049583392698
2.25,0.5,2.001312553689045,0.30028614,-6.145899083844287
2.25,0.625,2.0161794469282794,0.27374556,-5.163035083394496
2.25,0.75,2.0070243400669523,0.2468276,-3.662083396213478
2.25,0.875,1.893226628284383,0.22505378,-1.8713175512366762
2.25,1.0,0.8953456137996614,0.20437828,0.14402296278029986
2.25,1.125,1.8140286626151922,0.1873332,2.3971207923144062
2.25,1.25,1.9047950034716428,0.17102394,4.666181010046741
2.25,1.375,1.9542248982855246,0.15755464,7.04829556359223
2.25,1.5,1.9711495594262265,0.14546938,9.485573054218072
2.25,1.625,1.9775936577077897,0.1343684,11.978373186618523
2.25,1.75,1.9817671546882238,0.12594012,14.551720581989398
2.25,1.875,1.9880275418958044,0.1163921,17.026739030199675
2.25,2.0,1.9958337602475158,0.10801372,19.654514669815455
2.5,0.125,1.6299711035267193,0.37580684,-4.303908553117139
2.5,0.25,1.9229540137370635,0.36208476,-7.124008150827051
2.5,0.375,1.980793167444193,0.33421836,-8.14049436235718
2.5,0.5,2.0139243464444774,0.3023784,-7.814000691518502
2.5,0.625,2.032576369614636,0.27296292,-6.522621122681325
2.5,0.75,2.029009833786199,0.24693788,-4.7294697235353755
2.5,0.875,1.9701289704534035,0.22237156,-2.6179799069191954
2.5,1.0,0.9639041285473557,0.20177318,-0.23405465149101937
2.5,1.125,1.7744362252729677,0.18344486,2.25901693351382
2.5,1.25,1.910880492767253,0.168447,4.846100854810876
2.5,1.375,1.9683509890504323,0.15497464,7.525170794135534
2.5,1.5,1.9667324148931595,0.14253776,10.248350688028387
2.5,1.625,1.976658787606977,0.13227668,13.053182634881498
2.5,1.75,1.990391897218042,0.1218202,15.860851096468515
2.5,1.875,1.992698076665441,0.11339212,18.676349274736374
2.5,2.0,1.991433751785131,0.10482234,21.583192729570623
2.75,0.125,1.6440008605421665,0.38591502,-5.373593276073597
2.75,0.25,1.9431565895102834,0.36830978,-8.717812986608118
2.75,0.375,1.986695301024765,0.339157,-9.93772693256767
2.75,0.5,2.022698404679946,0.3047147,-9.415887397298322
2.75,0.625,2.0249818320449053,0.2742661,-7.826677978645311
2.75,0.75,2.034868860639094,0.24505458,-5.781019591764535
2.75,0.875,2.019185321188424,0.22121206,-3.3233215091424
2.75,1.0,1.377253728945564,0.20003546,-0.6472983998169201
2.75,1.125,1.75910898313105,0.18287024,2.1350994312417555
2.75,1.25,1.9345910618921622,0.1655561,5.053409360248497
2.75,1.375,1.9588928296658903,0.15217498,8.018576452644258
2.75,1.5,1.9756188583508998,0.14014362,11.049224314612541
2.75,1.625,1.9849048427067526,0.12942068,14.164793225258732
2.75,1.75,1.9866567704451825,0.11979808,17.233542529460763
2.75,1.875,1.98493371502048,0.11138264,20.355036976821093
2.75,2.0,1.988391954920567,0.10276366,23.549812018213636
3.0,0.125,1.7039836288956658,0.39396998,-6.464736053791552
3.0,0.25,1.9683686180755666,0.37732026,-10.550916769183733
3.0,0.375,2.0279260534244083,0.34406646,-11.75310964067762
3.0,0.5,2.045784219533839,0.30726342,-10.97721728848448
3.0,0.625,2.0405675677513293,0.27495076,-9.118242382206027
3.0,0.75,2.056433110943672,0.2448382,-6.734475108715217
3.0,0.875,2.069320472131083,0.22005028,-3.97615373837554
3.0,1.0,1.7509086611566669,0.19807642,-1.0583599832997306
3.0,1.125,1.7258167672396465,0.17993668,2.0021082918996798
3.0,1.25,1.9365220292792833,0.1648479,5.208955611763416
3.0,1.375,1.9723470798388911,0.15075548,8.48564694735038
3.0,1.5,1.97760915317781,0.13800476,11.847162930055317
3.0,1.625,1.9821509240003146,0.1269437,15.1854231292962
3.0,1.75,1.9841409072855745,0.11735202,18.591122023159212
3.0,1.875,1.988898905259402,0.10837914,22.059668359575653
3.0,2.0,1.994402751975681,0.10012532,25.51145952244999
3.25,0.125,1.7991024994711498,0.40376374,-8.108389785308168
3.25,0.25,1.9740722832246924,0.38485938,-12.522869381379133
3.25,0.375,2.0263610289680303,0.3485178,-13.558790606588273
3.25,0.5,2.021695196764603,0.30865874,-12.489358698243823
3.25,0.625,2.043130747365532,0.27553244,-10.408749455578636
3.25,0.75,2.0428720494980652,0.24375256,-7.758338278318205
3.25,0.875,2.0477790015918873,0.21845346,-4.735758519635222
3.25,1.0,1.9230761757607389,0.19795228,-1.4819547842806235
3.25,1.125,1.7297228022539868,0.17897338,1.9823715225887661
3.25,1.25,1.9171009600657054,0.16281394,5.456522730953057
3.25,1.375,1.9742945096842033,0.14838556,9.004397001497088
3.25,1.5,1.9764333027474232,0.13633796,12.592438537857484
3.25,1.625,1.9860279978409248,0.12489674,16.27269920529054
3.25,1.75,1.9924125382443745,0.11480308,19.99350774440672
3.25,1.875,1.9890395306289685,0.1063735,23.70935247453679
3.25,2.0,1.9947836889078456,0.09844518,27.49845897197911
3.5,0.125,1.8308287074953808,0.41211802,-9.588113660885332
3.5,0.25,1.9918454901705065,0.38988524,-14.406404512283665
3.5,0.375,2.0358643659457747,0.352328,-15.39317080080555
3.5,0.5,2.03502964629111,0.31179288,-14.118307926454664
3.5,0.625,2.0438579615066064,0.27549872,-11.710216483226809
3.5,0.75,2.047643737468739,0.24540638,-8.710334036189014
3.5,0.875,2.0563023358918704,0.21786042,-5.3773819386108705
3.5,1.0,1.9867201228866542,0.19630234,-1.7961271831425496
3.5,1.125,1.7282354394617072,0.17643172,1.8836297760252103
3.5,1.25,1.9386899577443863,0.16122014,5.6672688461209395
3.5,1.375,1.9627767380729315,0.14763888,9.547096262762459
3.5,1.5,1.979862484641345,0.13354966,13.475802917231755
3.5,1.625,1.9870861564273214,0.1233114,17.431787388762444
3.5,1.75,1.9929222242539981,0.11341136,21.393442606919002
3.5,1.875,1.9915252224141036,0.10457134,25.417771356147746
3.5,2.0,1.9951463806587284,0.09619332,29.522025085632123
3.75,0.125,1.8381755919666427,0.4189805,-10.622816320517524
3.75,0.25,2.0172312696017713,0.39773364,-16.415817631231512
3.75,0.375,2.0359754544941913,0.35571334,-17.294310116424263
3.75,0.5,2.027261440083839,0.31269222,-15.781499301405377
3.75,0.625,2.0320416651279407,0.2760051,-12.974296955772806
3.75,0.75,2.041059075139558,0.24439084,-9.68376341632204
3.75,0.875,2.0404113818284704,0.21678406,-6.065413658042358
3.75,1.0,2.0471136604326,0.19590262,-2.1630704717794966
3.75,1.125,1.7544594833837721,0.17648326,1.8238153021025005
3.75,1.25,1.9257185939907122,0.15999314,5.914735087580235
3.75,1.375,1.9738648760210857,0.14487928,10.04025369349995
3.75,1.5,1.9818176028905317,0.13231214,14.284908027968443
3.75,1.625,1.986930334722932,0.12194404,18.528547488694624
3.75,1.75,1.9900289965003035,0.1114629,22.831532524581604
3.75,1.875,1.9954109529303508,0.1029221,27.12434282394154
3.75,2.0,1.9930283377280482,0.09526288,31.49566640902747
4.0,0.125,1.9079334569521793,0.42778342,-12.571071224229842
4.0,0.25,2.0116687611936896,0.4047038,-18.452919027619437
4.0,0.375,2.037564149330212,0.35921738,-19.221130670992636
4.0,0.5,2.034971509046064,0.31443238,-17.3402635723728
4.0,0.625,2.033830883546309,0.27624188,-14.267285954611586
4.0,0.75,2.0385101908249212,0.2437234,-10.636411833787475
4.0,0.875,2.0407826473602806,0.2171611,-6.654210509099741
4.0,1.0,2.0414206149844696,0.19438502,-2.5306577599881392
4.0,1.125,1.7382292406591353,0.1754885,1.7430331330132283
4.0,1.25,1.94703814362356,0.1585914,6.140986912617736
4.0,1.375,1.974704414945746,0.1441132,10.600942795121854
4.0,1.5,1.98251441630706,0.1319155,15.085383759129172
4.0,1.625,1.986424164765462,0.12033668,19.64543711754077
4.0,1.75,1.9902136822160195,0.11083042,24.237240699286517
4.0,1.875,1.9945793898338757,0.10134406,28.843418302436724
4.0,2.0,1.9943208807851143,0.09316212,33.50709312840056
