lp_w,Pf_Ps,alpha,trap_frac,mean_vx
0.25,0.125,1.1844638811352906,0.10716,194.81735461361663
0.25,0.25,1.441584401255138,0.10454,390.5983987324983
0.25,0.375,1.5941086656694476,0.0937,616.2804504990258
0.25,0.5,1.734103183515521,0.08978,825.9885224215249
0.25,0.625,1.801920254363845,0.08434,1036.310247152302
0.25,0.75,1.7998836754715304,0.07818,1224.0538423407781
0.25,0.875,1.8550369235564115,0.07556,1432.7731209552996
0.25,1.0,1.8899248758579437,0.06658,1641.2357840271184
0.25,1.125,1.924594678096407,0.06184,1840.024852871964
0.25,1.25,1.9286241550391192,0.05432,2064.1051120389084
0.25,1.375,1.9486033077850469,0.04992,2267.4870769526774
0.25,1.5,1.9319874968595132,0.04446,2481.060945977587
0.25,1.625,1.9573571848493372,0.04032,2711.7011329942834
0.25,1.75,1.9454531062908784,0.03336,2939.493419854546
0.25,1.875,1.9553861122976892,0.02922,3152.4231088631986
0.25,2.0,1.9623505221545283,0.02382,3421.0048515424846
0.5,0.125,1.1347088187958176,0.19124,275.1651625295956
0.5,0.25,1.2665602038369308,0.18732,516.826862420072
0.5,0.375,1.5144295252061515,0.1783,837.5978350513202
0.5,0.5,1.5284645312764367,0.1771,1042.666787374044
0.5,0.625,1.7216579524029372,0.16458,1357.0337503197927
0.5,0.75,1.7713202227609337,0.15186,1684.2830452228343
0.5,0.875,1.861028861750655,0.13798,2029.5363855702772
0.5,1.0,1.8724455617686868,0.12076,2392.772561302687
0.5,1.125,1.857560059277085,0.10586,2735.1274961599456
0.5,1.25,1.9147926422031192,0.08854,3190.511835064988
0.5,1.375,1.9198324022585869,0.0724,3563.1636984211277
0.5,1.5,1.9745477680499193,0.0557,3975.0450612485934
0.5,1.625,1.9269234937747715,0.0462,4375.6925885133205
0.5,1.75,1.9574031945513066,0.03306,4840.650012150446
0.5,1.875,1.963185611602147,0.02464,5346.416793243544
0.5,2.0,1.970507069080399,0.01726,5814.3376585828255
0.75,0.125,1.072515881645572,0.25208,177.87494727425894
0.75,0.25,1.0702998147345426,0.2544,351.05086040824176
0.75,0.375,1.2831826515240854,0.25242,650.3005409839816
0.75,0.5,1.3636811493052508,0.24438,885.7958086727458
0.75,0.625,1.500318548312788,0.23084,1261.6521368360836
0.75,0.75,1.703013854497855,0.2159,1585.3057596073593
0.75,0.875,1.7670979851037854,0.19116,2083.365596060589
0.75,1.0,1.8168876863655667,0.16898,2536.9328930716492
0.75,1.125,1.8747626478968686,0.13718,3065.071032569066
0.75,1.25,1.8885151460399185,0.1084,3621.0190400862
0.75,1.375,1.9074982237570621,0.08376,4324.676564969455
0.75,1.5,1.9539511195201946,0.05776,4991.706676567865
0.75,1.625,1.96509154347024,0.03884,5669.982986993172
0.75,1.75,1.988991258072648,0.02588,6436.549410718336
0.75,1.875,1.9637119927668636,0.01516,7174.107708768387
0.75,2.0,1.9780503474110427,0.00866,7956.610941669015
1.0,0.125,0.9632587621319577,0.29692,9.495405739455489
1.0,0.25,1.0534334593360528,0.31236,-119.40892507986625
1.0,0.375,0.9465185879026562,0.309,83.9598299936996
1.0,0.5,1.0636868808517734,0.30516,214.57749144704133
1.0,0.625,1.1899317324881264,0.28772,544.7701369795161
1.0,0.75,1.4328703134656515,0.26356,1069.6486684501626
1.0,0.875,1.606351488228863,0.228,1684.4617933607087
1.0,1.0,1.7572405788940753,0.19292,2347.331041501334
1.0,1.125,1.8378260727009368,0.15276,3093.473878097618
1.0,1.25,1.903708809026577,0.10686,3968.120838385981
1.0,1.375,1.9269873448212456,0.07526,4898.885682752366
1.0,1.5,1.9350303448083492,0.04862,5849.972249382237
1.0,1.625,1.9604300718520689,0.02894,6824.167324271538
1.0,1.75,1.9698666449381848,0.01648,7828.990583829793
1.0,1.875,1.9720629435159718,0.0081,8893.340490658107
1.0,2.0,1.9834865602619436,0.00388,9954.170780026066
1.25,0.125,1.059872449151283,0.33514,-409.58902886209415
1.25,0.25,1.1127188581570169,0.35344,-697.6459779216468
1.25,0.375,1.2321119292684792,0.35588,-821.7939236495897
1.25,0.5,1.270288326991483,0.3478,-690.8888945101995
1.25,0.625,1.021909734237032,0.32948,-272.1015754533042
1.25,0.75,1.0905349355746745,0.2968,318.5589502261859
1.25,0.875,1.3851128373041202,0.25346,1077.041267684875
1.25,1.0,1.692386231421908,0.20292,2002.472124036671
1.25,1.125,1.8281158909722786,0.14662,3008.933682024843
1.25,1.25,1.896877537541631,0.09816,4122.746865788589
1.25,1.375,1.9011867823690582,0.05956,5310.704747327958
1.25,1.5,1.9313880137612995,0.03438,6573.56660862301
1.25,1.625,1.9681492567989711,0.0185,7860.238491963577
1.25,1.75,1.968924741908991,0.00922,9170.164359973369
1.25,1.875,1.9864604580480376,0.0037,10503.542931265336
1.25,2.0,1.9809015681936977,0.00142,11948.951301774252
1.5,0.125,1.1914189780958437,0.36652,-919.2404792696077
1.5,0.25,1.4601599333386162,0.38918,-1749.7144191195662
1.5,0.375,1.5320778483797055,0.39152,-1998.810662402332
1.5,0.5,1.6113795557538018,0.38532,-1829.4800119990211
1.5,0.625,1.6432166508636752,0.36018,-1447.0500089095033
1.5,0.75,1.2258695891959817,0.32662,-681.6971606195996
1.5,0.875,1.0510002105822354,0.2749,367.49200361504705
1.5,1.0,1.5987460840539256,0.21134,1556.7592630511188
1.5,1.125,1.814450490592046,0.13958,2893.240765344689
1.5,1.25,1.9061702636578386,0.08106,4283.777725878643
1.5,1.375,1.9314731400555454,0.04308,5752.015627349101
1.5,1.5,1.9600930015249391,0.02032,7281.816750644664
1.5,1.625,1.9691653345973967,0.0092,8853.506392981393
1.5,1.75,1.9761082823337586,0.00348,10493.435055315973
1.5,1.875,1.9880593473980719,0.00132,12180.517248030754
1.5,2.0,1.9851215876697903,0.0002,13862.736482526303
1.75,0.125,1.3334252113900007,0.38864,-1565.39435884432
1.75,0.25,1.6287764357040022,0.41878,-2793.756138592741
1.75,0.375,1.7647791081316524,0.42516,-3289.6415090497853
1.75,0.5,1.8379857810846687,0.41226,-3263.0918606273617
1.75,0.625,1.8190670889525702,0.38716,-2621.1236228116863
1.75,0.75,1.7478908728748985,0.34654,-1649.8786331581944
1.75,0.875,1.1064407161085295,0.28906,-425.0825294997573
1.75,1.0,1.327411552470904,0.21936,1055.1254307868126
1.75,1.125,1.8082406546710614,0.13748,2640.6510371175127
1.75,1.25,1.8699764766437041,0.06886,4390.911969495111
1.75,1.375,1.9523049190517088,0.02878,6159.490153280509
1.75,1.5,1.9680486781525313,0.0122,8022.0291760263635
1.75,1.625,1.9764295147282236,0.0044,9907.426342537574
1.75,1.75,1.9830933574283462,0.00134,11835.894580210483
1.75,1.875,1.9917510778225977,0.00038,13785.864624999589
1.75,2.0,1.9876412925313245,0.0001,15774.438457116214
2.0,0.125,1.4228801612107067,0.41464,-2396.352057605543
2.0,0.25,1.7574371911338809,0.44266,-3934.4111857337202
2.0,0.375,1.86899256475486,0.4491,-4791.088639710118
2.0,0.5,1.972014664214706,0.43046,-4664.472640039525
2.0,0.625,1.9753634430283138,0.40242,-3890.5913841207357
2.0,0.75,1.9134039386192134,0.36102,-2679.6444932479058
2.0,0.875,1.6083027351460233,0.30228,-1174.6213759798577
2.0,1.0,1.1224258006160748,0.23034,617.6811719160645
2.0,1.125,1.8088792167808296,0.1387,2517.3947837856595
2.0,1.25,1.8997235519588418,0.06024,4542.509162506432
2.0,1.375,1.9532843154881137,0.02182,6611.7832825572805
2.0,1.5,1.963613640428193,0.00598,8751.358297082857
2.0,1.625,1.9760232498538306,0.00198,10985.118510796683
2.0,1.75,1.9848944614362554,0.0004,13186.178362387152
2.0,1.875,1.9875437032168417,4e-05,15448.884749973411
2.0,2.0,1.9928238657072268,2e-05,17685.073690011497
2.25,0.125,1.500398692581226,0.43124,-3262.2564824112783
2.25,0.25,1.8168713152362836,0.46948,-5540.768220345586
2.25,0.375,1.9082898597912274,0.46214,-6297.571859333489
2.25,0.5,1.9720014455755734,0.45084,-6127.478655441275
2.25,0.625,2.0203878793015213,0.416,-5248.105187698206
2.25,0.75,2.0150325904918485,0.37112,-3722.0549924031925
2.25,0.875,1.9572242836774405,0.31448,-1840.2316363648451
2.25,1.0,0.8596070391610277,0.23918,181.13679216622862
2.25,1.125,1.7655937577971819,0.1399,2327.9506923000836
2.25,1.25,1.922558077137721,0.0568,4667.362999882878
2.25,1.375,1.9523313918983929,0.0162,7085.458228155967
2.25,1.5,1.969154712391969,0.0034,9497.655938099027
2.25,1.625,1.9747680556768823,0.00052,11995.11102484232
2.25,1.75,1.9818139540814188,6e-05,14510.95825130293
2.25,1.875,1.9939858487543463,0.0,17077.34375199467
2.25,2.0,1.9907086953779778,0.0,19623.797418734895
2.5,0.125,1.604720640451097,0.44554,-4175.244890898505
2.5,0.25,1.908064997711725,0.4815,-7016.1560536408
2.5,0.375,2.0026363838769936,0.4845,-8156.816963605974
2.5,0.5,2.0344584364274865,0.45614,-7779.595861378362
2.5,0.625,2.050911568140899,0.41716,-6580.523751240032
2.5,0.75,2.0300563408447645,0.37104,-4748.206226869068
2.5,0.875,1.9618124497631946,0.321,-2613.042680865838
2.5,1.0,0.9755088117189593,0.24114,-195.2879592559686
2.5,1.125,1.7566469187391305,0.13702,2256.6381212923006
2.5,1.25,1.9253505818357202,0.05306,4828.389151471214
2.5,1.375,1.957562610344786,0.01232,7542.247292553529
2.5,1.5,1.9719711009689183,0.00208,10282.191258217954
2.5,1.625,1.9817390952489506,0.0003,13030.919634779546
2.5,1.75,1.982905205162295,6e-05,15858.296822412374
2.5,1.875,1.9900728121741216,0.0,18702.952615576585
2.5,2.0,1.9881870374164357,0.0,21586.15721378263
2.75,0.125,1.7199198968979363,0.4654,-5504.391048860857
2.75,0.25,1.939634922768484,0.50264,-8828.748094393022
2.75,0.375,1.98773742014406,0.49364,-9874.800858000282
2.75,0.5,2.0251584700127006,0.46422,-9356.840136217721
2.75,0.625,2.0283954130737327,0.42194,-7809.1051656439995
2.75,0.75,2.0540614257221583,0.37688,-5736.0404381761955
2.75,0.875,2.016247993303085,0.32332,-3274.7746012924563
2.75,1.0,1.480465530581112,0.24938,-641.3694465098516
2.75,1.125,1.7551234251418777,0.13516,2139.074075560694
2.75,1.25,1.9383977983615475,0.04836,5011.440908235883
2.75,1.375,1.956963651364167,0.0099,7988.964993971957
2.75,1.5,1.9841727152965651,0.0012,11057.941994393306
2.75,1.625,1.984879437002499,0.00012,14124.96180170888
2.75,1.75,1.9885635025555854,0.0,17201.685247382306
2.75,1.875,1.991864944272409,2e-05,20353.331744803843
2.75,2.0,1.9935873078566133,0.0,23540.212017644597
3.0,0.125,1.7203046903223718,0.47466,-6448.08004595948
3.0,0.25,1.983184472783393,0.51632,-10480.159368327548
3.0,0.375,2.011166998831759,0.4976,-11717.019354400187
3.0,0.5,2.0329384620974595,0.46374,-10897.984329874873
3.0,0.625,2.033724932847474,0.4202,-9173.765016926893
3.0,0.75,2.0399981816647212,0.37588,-6759.253546988294
3.0,0.875,2.0444914802304037,0.32758,-4017.4937740575797
3.0,1.0,1.7213718483274574,0.24808,-1059.196566953075
3.0,1.125,1.7377067283210728,0.12796,2018.022945214014
3.0,1.25,1.9409686702659796,0.04082,5229.05634021152
3.0,1.375,1.969277896311816,0.00784,8512.347353823992
3.0,1.5,1.9813252317901229,0.00072,11788.321568126328
3.0,1.625,1.9839623309315833,4e-05,15185.959151450152
3.0,1.75,1.9895267765622988,0.0,18600.891705860096
3.0,1.875,1.991179933579327,0.0,22050.97725392875
3.0,2.0,1.9965271243994847,0.0,25529.324336809703
3.25,0.125,1.7996953844480217,0.49588,-7768.85781919635
3.25,0.25,1.96042435013026,0.53176,-12606.014815138798
3.25,0.375,2.0299541367204594,0.50408,-13514.87611105784
3.25,0.5,2.037025496603761,0.46852,-12578.265825479946
3.25,0.625,2.0492832010377398,0.4206,-10412.544261272944
3.25,0.75,2.044598846337733,0.37752,-7766.967234796267
3.25,0.875,2.046988115922941,0.32456,-4709.032457977005
3.25,1.0,1.9347882999747488,0.2546,-1466.5834423272443
3.25,1.125,1.7116512334640694,0.12362,1915.1824224639786
3.25,1.25,1.9363735280956516,0.03334,5435.9381035158
3.25,1.375,1.9679569360740696,0.00474,9004.383070656104
3.25,1.5,1.9745646204553993,0.0003,12620.00762090901
3.25,1.625,1.9880367215965602,0.0,16305.789855091252
3.25,1.75,1.9883175858243245,0.0,20033.18173367892
3.25,1.875,1.9952439268041817,0.0,23719.9234564475
3.25,2.0,1.994578404133376,0.0,27487.197189590206
3.5,0.125,1.8179165100371764,0.50426,-9282.097562085411
3.5,0.25,1.9881834208732703,0.54122,-14267.910870476942
3.5,0.375,2.027081054556135,0.51374,-15457.12303270076
3.5,0.5,2.052742919256253,0.4643,-14131.961709445857
3.5,0.625,2.033249256336342,0.41512,-11751.074930181787
3.5,0.75,2.0441463032232186,0.37244,-8702.827747917214
3.5,0.875,2.044327871261993,0.32528,-5366.763725182257
3.5,1.0,1.97900978914545,0.2562,-1829.1245268860853
3.5,1.125,1.7505410235919339,0.12594,1837.2555433365703
3.5,1.25,1.9206125973441306,0.025,5688.905633235712
3.5,1.375,1.9641854764645832,0.00278,9540.895789117998
3.5,1.5,1.9837544185851104,0.00022,13442.675149817209
3.5,1.625,1.9914230107570772,0.0,17409.5223870009
3.5,1.75,1.991099144744571,0.0,21394.236279520555
3.5,1.875,1.9974400544489443,0.0,25442.908585120746
3.5,2.0,1.9929491247817566,0.0,29475.60651530358
3.75,0.125,1.8515086870346096,0.51884,-10930.582262854874
3.75,0.25,2.007007231141674,0.54894,-16428.07223954892
3.75,0.375,2.047306483803352,0.51202,-17287.840987287644
3.75,0.5,2.0209820647671806,0.4562,-15824.48798028504
3.75,0.625,2.0361216564772957,0.41338,-13022.259828707709
3.75,0.75,2.0427707038398975,0.36916,-9712.77952653223
3.75,0.875,2.045087251863496,0.32344,-6067.34693529999
3.75,1.0,2.018910050510078,0.25898,-2170.596797485936
3.75,1.125,1.7004370369332853,0.12408,1810.7699465756994
3.75,1.25,1.9388411107042445,0.02182,5909.288899524257
3.75,1.375,1.9726136434007844,0.00176,10075.192215928233
3.75,1.5,1.9843239946373192,6e-05,14285.619123706345
3.75,1.625,1.9893733650026588,0.0,18535.57931633887
3.75,1.75,1.9898314668416717,0.0,22805.93679383653
3.75,1.875,1.9931502463843511,0.0,27122.022344999208
3.75,2.0,1.9944457832021802,0.0,31449.65180889878
4.0,0.125,1.9099132902575269,0.53906,-12801.811681269684
4.0,0.25,2.007384175848645,0.55372,-18600.39277690031
4.0,0.375,2.035473419215895,0.51436,-19113.096661723706
4.0,0.5,2.0385215036842705,0.4557,-17311.765044162294
4.0,0.625,2.039346104336263,0.40986,-14192.362653249646
4.0,0.75,2.0331406714212665,0.36702,-10634.80463309579
4.0,0.875,2.0478976630435253,0.32486,-6663.93531938693
4.0,1.0,2.002130933640871,0.25896,-2517.079063816761
4.0,1.125,1.7278130324110414,0.12666,1771.9683087464994
4.0,1.25,1.9371314589045263,0.0196,6154.80332536029
4.0,1.375,1.9685663002330893,0.00098,10608.231904114535
4.0,1.5,1.982027235626154,8e-05,15094.841474917544
4.0,1.625,1.9896962548115,0.0,19643.534455083114
4.0,1.75,1.9925087838448075,0.0,24215.7807525164
4.0,1.875,1.9927715649999163,0.0,28843.816535388163
4.0,2.0,1.9938400939182144,0.0,33496.39403006729
